object={
	name="Arryn_Gulltown_Manor"
	render_pass=Map
	clamp_to_water_level=no
	generated_content=no
	layer="AGOT_building_layer"
	pdxmesh="building_special_GT_Arryn_mesh"
	count=1
	transform="2144.750732 0.000000 3499.128174 0.000000 0.000000 0.000000 1.000000 1.250850 1.250850 1.250850
"}

object={
	name="Barrow Entrance"
	render_pass=Map
	clamp_to_water_level=no
	generated_content=no
	layer="AGOT_building_layer"
	pdxmesh="mapitems_barrow_entrance_1_mesh"
	count=33
	transform="1103.723633 -0.843262 4295.287109 0.000000 -0.709715 0.000000 0.704489 0.103076 0.103076 0.103076
1053.384033 -1.110840 4310.344727 0.000000 0.000000 0.000000 1.000000 1.218701 1.218701 1.218701
1055.696655 -0.463379 4310.376465 0.000000 -0.107974 0.000000 0.994154 7.436903 7.436903 7.436903
1238.685303 -0.221680 4341.633301 0.000000 -0.741123 0.000000 -0.671370 8.043157 8.043157 8.043157
1233.828491 -0.410645 4378.044434 0.000000 -0.936121 0.000000 -0.351677 8.043157 8.043157 8.043157
1135.707397 -0.659668 4326.609375 0.000000 -0.276004 0.000000 -0.961157 8.043157 8.043157 8.043157
1371.739502 -0.782227 4351.628418 0.000000 0.542743 0.000000 0.839899 8.043157 8.043157 8.043157
1375.388062 -0.649414 4293.266113 0.000000 -0.045562 0.000000 0.998962 8.043157 8.043157 8.043157
1396.851562 -0.649414 4265.086426 0.000000 0.891570 0.000000 0.452883 8.043157 8.043157 8.043157
1333.752319 -0.893555 4268.473145 0.000000 0.562270 0.000000 -0.826954 8.043157 8.043157 8.043157
1315.395508 -0.822754 4289.168457 0.000000 0.936180 0.000000 -0.351522 8.043157 8.043157 8.043157
1260.618042 -1.001465 4263.705078 0.000000 0.936180 0.000000 -0.351522 8.043157 8.043157 8.043157
1186.631836 -0.721680 4365.245117 0.000000 0.936180 0.000000 -0.351522 8.043157 8.043157 8.043157
1213.308594 -0.579590 4357.639648 0.000000 -0.655983 0.000000 0.754775 8.043157 8.043157 8.043157
1268.831909 -0.480957 4398.626953 0.000000 -0.497808 0.000000 0.867287 8.043157 8.043157 8.043157
1095.216431 -0.943359 4331.758789 0.000000 -0.497808 0.000000 0.867287 8.043157 8.043157 8.043157
1186.416748 -0.629395 4237.170410 0.000000 -0.611030 0.000000 0.791607 8.043157 8.043157 8.043157
1344.895386 -0.830078 4364.758789 0.000000 0.814561 0.000000 -0.580078 8.043157 8.043157 8.043157
1279.403076 -0.616699 4319.567383 0.000000 0.293006 0.000000 -0.956111 8.043157 8.043157 8.043157
1097.032715 -1.048828 4231.905273 0.000000 0.293006 0.000000 -0.956111 8.043157 8.043157 8.043157
1122.714844 -0.758301 4363.652832 0.000000 0.918366 0.000000 -0.395732 8.043157 8.043157 8.043157
1124.048706 -0.758301 4227.325195 0.000000 0.918366 0.000000 -0.395732 8.043157 8.043157 8.043157
1294.167969 -0.207520 4391.207031 0.000000 0.997799 0.000000 0.066307 8.043157 8.043157 8.043157
1246.477661 -0.943359 4422.260254 0.000000 0.674094 0.000000 -0.738646 8.043157 8.043157 8.043157
1276.180420 -0.943359 4432.757324 0.000000 0.983013 0.000000 0.183535 8.043157 8.043157 8.043157
1148.496338 -0.287109 4262.717285 0.000000 0.983013 0.000000 0.183535 8.043157 8.043157 8.043157
1169.034424 -0.322754 4285.215332 0.000000 -0.802363 0.000000 0.596836 8.043157 8.043157 8.043157
1197.288818 -0.707520 4319.784180 0.000000 -0.045608 0.000000 0.998959 8.043157 8.043157 8.043157
1112.977051 -0.291016 5962.678711 0.000000 -0.978091 0.000000 0.208179 6.016096 6.016096 6.016096
1202.649780 -0.015625 5927.774414 0.000000 -0.957535 0.000000 -0.288318 6.016096 6.016096 6.016096
1142.718262 -0.450195 6009.332031 0.000000 -0.381288 0.000000 0.924456 6.016096 6.016096 6.016096
1168.941650 -0.106934 5924.040039 0.000000 -0.965190 0.000000 0.261551 6.016096 6.016096 6.016096
1162.435059 -0.188477 6013.015137 0.000000 0.000000 0.000000 1.000000 6.016096 6.016096 6.016096
"}

object={
	name="Bridge_Causeway Planks"
	render_pass=Map
	clamp_to_water_level=no
	generated_content=no
	layer="AGOT_low_roads"
	pdxmesh="causeway_mesh"
	count=25
	transform="1358.945435 -0.027344 3881.279541 0.000000 0.017373 0.000000 -0.999849 1.527417 1.527417 1.527417
1363.041626 0.659668 3920.769287 0.000000 -0.194229 0.000000 -0.980956 1.527417 1.527417 1.527417
1360.786743 -0.006592 3913.289551 0.000000 -0.100165 0.000000 -0.994971 1.527417 1.527417 1.527417
1359.670410 -0.030029 3905.611328 0.000000 -0.048297 0.000000 -0.998833 1.527417 1.527417 1.527417
1359.135742 0.090577 3897.495605 0.000000 -0.016668 0.000000 -0.999861 1.527417 1.527417 1.527417
1358.901733 0.472412 3889.382324 0.000000 -0.016668 0.000000 -0.999861 1.527417 1.527417 1.527417
1417.614258 0.216553 4198.103027 0.000000 -0.049867 0.000000 -0.998756 1.527417 1.527417 1.527417
1368.921997 0.216553 3957.791748 0.000000 -0.005469 -0.000000 -0.999985 1.527417 1.527417 1.527417
1359.363770 0.730225 3873.161621 0.000000 -0.038168 0.000000 0.999271 1.527417 1.527417 1.527417
1658.341187 -0.126953 4131.014648 0.000000 0.995621 0.000000 -0.093481 1.000000 1.000000 1.000000
1659.711426 -0.099610 4135.998047 0.000000 0.983054 0.000000 -0.183319 1.000000 1.000000 1.000000
1657.792114 -0.073730 4125.828125 0.000000 0.999997 0.000000 0.002254 1.000000 1.000000 1.000000
1548.718506 0.525391 4555.328613 0.000000 -0.620697 0.000000 0.784050 1.000000 1.000000 1.000000
1553.635986 0.281738 4553.739258 0.000000 -0.547093 0.000000 0.837072 1.000000 1.000000 1.000000
1543.616089 0.688965 4556.182617 0.000000 -0.666184 0.000000 0.745787 1.000000 1.000000 1.000000
1690.230591 2.163574 3992.274170 0.000000 -0.503108 0.000000 0.864224 0.696045 0.696045 0.696045
1493.008057 0.897461 4479.976562 0.000000 -0.430203 0.000000 0.902732 1.000000 1.000000 1.000000
1488.872681 1.333008 4483.308105 0.000000 -0.430203 0.000000 0.902732 1.000000 1.000000 1.000000
775.149719 0.039306 2225.213135 0.000000 0.416358 0.000000 0.909201 0.715259 0.715259 0.715259
777.869690 0.223877 2227.817871 0.000000 0.369600 0.000000 0.929191 0.715259 0.715259 0.715259
780.577576 -0.135498 2230.027100 0.000000 0.482770 0.000000 0.875747 0.715259 0.715259 0.715259
783.545105 -0.142334 2232.192627 0.000000 0.421706 0.000000 0.906733 0.715259 0.715259 0.715259
791.125488 -0.109131 2239.797607 0.000000 0.281600 0.000000 0.959532 0.715259 0.715259 0.715259
789.007446 -0.069580 2236.750732 0.000000 0.317867 0.000000 0.948135 0.715259 0.715259 0.715259
786.560974 -0.025146 2234.313232 0.000000 0.478274 0.000000 0.878211 0.715259 0.715259 0.715259
"}

object={
	name="Bridge_Causeway Ramp"
	render_pass=Map
	clamp_to_water_level=no
	generated_content=no
	layer="AGOT_low_roads"
	pdxmesh="causeway_ramp_mesh"
	count=17
	transform="1417.379150 -0.784180 4196.386719 0.000000 0.035106 0.000000 0.999384 1.589258 1.589258 1.589258
1417.758545 -0.640625 4199.853516 0.000000 -0.998380 0.000000 0.056913 1.589258 1.589258 1.589258
1368.840210 -0.784180 3956.060059 0.000000 -0.009305 0.000000 0.999957 1.589258 1.589258 1.589258
1368.910278 -0.640625 3959.548340 0.000000 -0.999922 0.000000 0.012525 1.589258 1.589258 1.589258
1363.722168 -0.403564 3922.307129 0.000000 0.984054 0.000000 -0.177871 1.589258 1.589258 1.589258
1359.668457 -0.974365 3869.655518 0.000000 -0.052238 0.000000 0.998635 1.589258 1.589258 1.589258
1359.482544 -0.187744 3871.551270 0.000000 -0.052238 0.000000 0.998635 1.589258 1.589258 1.589258
1657.732666 -0.577636 4124.638672 0.000000 0.014181 0.000000 -0.999900 1.000000 1.000000 1.000000
1660.191040 -0.607422 4137.118652 0.000000 -0.983252 0.000000 0.182252 1.000000 1.000000 1.000000
1540.054688 -0.803711 4556.473145 0.000000 0.747871 0.000000 0.663845 1.000000 1.000000 1.000000
1541.228271 -0.291016 4556.325684 0.000000 0.747871 0.000000 0.663845 1.000000 1.000000 1.000000
1542.420044 0.159180 4556.245605 0.000000 0.747871 0.000000 0.663845 1.000000 1.000000 1.000000
1554.734009 -0.311035 4553.210449 0.000000 0.548001 0.000000 -0.836478 1.000000 1.000000 1.000000
1452.670898 -0.472656 4483.685059 0.000000 -0.745262 0.000000 0.666772 1.216553 1.216553 1.216553
1494.774536 -0.443359 4478.535156 0.000000 0.498689 0.000000 -0.866781 1.000000 1.000000 1.000000
1493.736450 0.228516 4479.135254 0.000000 0.498689 0.000000 -0.866781 1.000000 1.000000 1.000000
1488.011230 0.344238 4484.120117 0.000000 -0.893609 0.000000 -0.448846 1.000000 1.000000 1.000000
"}

object={
	name="Bridge_Mena"
	render_pass=Map
	clamp_to_water_level=no
	generated_content=no
	layer="AGOT_roads"
	pdxmesh="bridge_mena_mesh"
	count=17
	transform="850.900513 0.000000 3182.464600 0.000000 0.399361 0.000000 0.916794 1.000000 1.000000 1.000000
888.186707 0.000000 3204.997314 0.000000 0.177281 0.000000 0.984160 1.000000 1.000000 1.000000
915.455505 0.000000 3234.470459 0.000000 0.420550 0.000000 0.907269 1.000000 1.000000 1.000000
950.566650 0.533447 3113.842773 0.000000 -0.758380 0.000000 0.651812 1.000000 1.000000 1.000000
921.634583 0.412842 3114.900879 0.000000 -0.872608 0.000000 0.488422 1.000000 1.000000 1.000000
867.453674 0.000000 3102.832031 0.000000 -0.601763 0.000000 0.798675 1.000000 1.000000 1.000000
699.032104 0.292969 2866.854248 0.000000 -0.021345 0.000000 0.999772 1.000000 1.000000 1.000000
748.448547 0.000000 2946.379639 0.000000 0.230981 0.000000 0.972958 1.000000 1.000000 1.000000
858.785034 0.736572 2882.795410 0.000000 -0.100447 0.000000 0.994942 1.000000 1.000000 1.000000
774.421753 -0.030273 2944.739014 0.000000 -0.554385 0.000000 0.832261 1.000000 1.000000 1.000000
831.022827 -0.587158 3179.725098 0.000000 0.078456 0.000000 0.996918 1.000000 1.000000 1.000000
897.122681 0.084961 3420.285400 0.000000 0.374238 0.000000 0.927332 1.000000 1.000000 1.000000
893.692078 0.000000 3430.409668 0.000000 0.914124 0.000000 0.405434 1.000000 1.000000 1.000000
889.755554 0.445068 3343.031250 0.000000 -0.596834 0.000000 0.802365 1.000000 1.000000 1.000000
2814.006348 0.804199 2494.118896 0.000000 -0.991299 0.000000 0.131631 0.812333 0.812333 0.812333
2799.364990 0.408203 2451.230225 0.000000 -0.357596 0.000000 0.933877 0.730676 0.730676 0.730676
2834.048828 0.175537 2471.302246 0.000000 -0.175058 0.000000 0.984558 0.730676 0.730676 0.730676
"}

object={
	name="City_Market Stall_Red"
	render_pass=Map
	clamp_to_water_level=no
	generated_content=no
	layer="AGOT_building_layer"
	pdxmesh="city_market_03_mesh"
	count=36
	transform="778.997742 0.115723 3089.650146 0.000000 0.792442 0.000000 0.609947 2.867148 2.867148 2.867148
778.449463 -0.123047 3088.365723 0.000000 0.847704 0.000000 0.530469 2.867148 2.867148 2.867148
777.348816 -0.235596 3087.285156 0.000000 0.903942 0.000000 0.427656 2.867148 2.867148 2.867148
774.677246 0.720947 3094.727539 0.000000 -0.986975 0.000000 0.160875 2.867148 2.867148 2.867148
773.353699 1.246094 3095.207764 0.000000 -0.984283 0.000000 0.176599 2.867148 2.867148 2.867148
769.236023 1.633301 3093.283447 0.000000 -0.806495 0.000000 -0.591242 2.867148 2.867148 2.867148
768.793335 1.645020 3091.871094 0.000000 -0.793955 0.000000 -0.607977 2.867148 2.867148 2.867148
767.665833 1.589111 3085.561035 0.000000 -0.582621 0.000000 0.812744 2.867148 2.867148 2.867148
768.154663 1.536865 3086.681885 0.000000 -0.582621 0.000000 0.812744 2.867148 2.867148 2.867148
767.062927 1.562256 3083.641357 0.000000 -0.582621 0.000000 0.812744 2.867148 2.867148 2.867148
768.643860 1.562256 3087.914307 0.000000 -0.582621 0.000000 0.812744 2.867148 2.867148 2.867148
766.069580 1.732910 3083.507812 0.000000 0.556129 0.000000 0.831097 2.867148 2.867148 2.867148
766.700317 1.732910 3087.403076 0.000000 0.809077 0.000000 0.587703 2.867148 2.867148 2.867148
774.226929 -0.027100 3061.267578 0.000000 -0.582621 0.000000 0.812744 2.867148 2.867148 2.867148
774.715759 -0.079346 3062.388428 0.000000 -0.582621 0.000000 0.812744 2.867148 2.867148 2.867148
775.210999 -0.241699 3063.489014 0.000000 -0.582621 0.000000 0.812744 2.867148 2.867148 2.867148
772.704895 0.116699 3061.860352 0.000000 0.832867 0.000000 0.553474 2.867148 2.867148 2.867148
773.261414 0.116699 3063.109619 0.000000 0.809077 0.000000 0.587703 2.867148 2.867148 2.867148
769.077087 -0.092773 3074.051514 0.000000 0.942304 0.000000 -0.334759 2.867148 2.867148 2.867148
769.597351 -0.223389 3074.020752 0.000000 0.367153 0.000000 -0.930161 2.867148 2.867148 2.867148
769.554199 0.272949 3073.781250 0.000000 -0.195697 0.000000 -0.980665 2.867148 2.867148 2.867148
767.664673 0.272949 3072.630127 0.000000 -0.874413 0.000000 -0.485183 2.867148 2.867148 2.867148
772.381042 -0.244385 3070.621338 0.000000 0.495521 0.000000 -0.868596 2.867148 2.867148 2.867148
769.304382 0.130371 3073.912842 0.000000 -0.624994 -0.000000 -0.780630 2.867148 2.867148 2.867148
769.763306 0.130371 3072.474854 0.000000 -0.624994 -0.000000 -0.780630 2.867148 2.867148 2.867148
774.195374 -0.158936 3074.012939 0.000000 -0.753260 0.000000 0.657723 2.867148 2.867148 2.867148
773.842407 -0.390869 3075.392578 0.000000 -0.753260 0.000000 0.657723 2.867148 2.867148 2.867148
772.482361 0.234375 3073.717529 0.000000 0.616393 0.000000 0.787439 2.867148 2.867148 2.867148
772.403687 0.588867 3076.789307 0.000000 0.703631 0.000000 0.710566 2.867148 2.867148 2.867148
775.061035 0.128418 3085.655762 0.000000 0.047925 0.000000 0.998851 2.867148 2.867148 2.867148
775.537842 0.573730 3085.077393 0.000000 0.288094 0.000000 0.957602 2.867148 2.867148 2.867148
784.628479 0.556152 3094.541992 0.000000 0.288094 0.000000 0.957602 2.867148 2.867148 2.867148
783.933899 0.791016 3095.372559 0.000000 0.853974 0.000000 0.520316 2.867148 2.867148 2.867148
783.349792 0.791016 3098.926758 0.000000 0.773945 0.000000 0.633252 2.867148 2.867148 2.867148
782.499512 0.561035 3096.420410 0.000000 0.847704 0.000000 0.530469 2.867148 2.867148 2.867148
775.166016 -0.150635 3084.398438 0.000000 0.847704 0.000000 0.530469 2.867148 2.867148 2.867148
"}

object={
	name="Dolmen"
	render_pass=Map
	clamp_to_water_level=no
	generated_content=no
	layer="AGOT_building_layer"
	entity="mapitems_dolmen_complete_entity"
	count=1
	transform="1187.268799 0.000000 5958.395996 0.000000 0.000000 0.000000 1.000000 0.363810 0.363810 0.363810
"}

object={
	name="Gulltown_Walls"
	render_pass=Map
	clamp_to_water_level=no
	generated_content=no
	layer="AGOT_building_layer"
	pdxmesh="building_special_GT_Walls_mesh"
	count=1
	transform="2122.279053 -3.360107 3480.762207 0.000000 -0.010071 0.000000 0.999949 0.732173 0.732173 0.732173
"}

object={
	name="Iceberg2"
	render_pass=MapUnderWater
	clamp_to_water_level=no
	generated_content=no
	layer="test_object_layer"
	pdxmesh="mapitems_icebergs_02_mesh"
	count=1
	transform="781.781067 -1.942383 5413.534180 0.000000 -0.066510 0.000000 0.997786 9.042916 9.042916 9.042916
"}

object={
	name="Loadstone"
	render_pass=Map
	clamp_to_water_level=no
	generated_content=no
	layer="AGOT_building_layer"
	entity="mapitems_lodestone_1_entity"
	count=22
	transform="1057.981812 -0.334961 4307.705566 0.000000 0.639505 0.000000 -0.768787 0.190955 0.190955 0.190955
1057.373413 -0.334961 4306.900879 0.000000 0.639505 0.000000 -0.768787 0.190955 0.190955 0.190955
1055.834229 -0.334961 4306.485352 0.000000 -0.086789 0.000000 0.996227 0.190955 0.190955 0.190955
1054.867798 -0.334961 4306.774414 0.000000 -0.086789 0.000000 0.996227 0.190955 0.190955 0.190955
1299.892700 0.000000 4395.241699 0.000000 -0.372431 0.000000 -0.928060 0.535693 0.535693 0.535693
1294.440796 0.000000 4361.312500 0.000000 -0.869846 -0.000000 -0.493323 0.535693 0.535693 0.535693
1105.022461 0.000000 4224.683105 0.000000 0.278188 0.000000 0.960527 0.535693 0.535693 0.535693
1134.919922 0.000000 4376.644531 0.000000 0.999439 0.000000 0.033484 0.535693 0.535693 0.535693
1096.508911 0.000000 4351.089355 0.000000 0.999439 0.000000 0.033484 0.535693 0.535693 0.535693
1265.160400 0.000000 4436.618164 0.000000 0.999439 0.000000 0.033484 0.535693 0.535693 0.535693
1255.617310 0.000000 4411.082520 0.000000 0.999439 0.000000 0.033484 0.535693 0.535693 0.535693
1405.306030 0.000000 4328.777832 0.000000 -0.285088 0.000000 -0.958501 0.535693 0.535693 0.535693
1360.673950 0.000000 4292.148926 0.000000 -0.998694 0.000000 0.051083 0.535693 0.535693 0.535693
1348.760498 0.000000 4350.969238 0.000000 -0.623541 0.000000 0.781791 0.535693 0.535693 0.535693
1162.926025 0.000000 4237.461914 0.000000 0.594363 0.000000 0.804197 0.535693 0.535693 0.535693
1152.880981 0.000000 4302.180176 0.000000 0.802231 0.000000 -0.597014 0.535693 0.535693 0.535693
1253.096680 0.000000 4243.726074 0.000000 -0.820544 0.000000 -0.571584 0.535693 0.535693 0.535693
1207.734131 0.000000 4279.319824 0.000000 -0.748918 0.000000 0.662663 0.535693 0.535693 0.535693
1262.363892 0.000000 4303.353516 0.000000 0.000000 0.000000 1.000000 0.535693 0.535693 0.535693
2114.742920 0.000000 3460.261475 0.000000 -0.900930 0.000000 -0.433964 0.345044 0.345044 0.345044
2883.427490 0.000000 2302.601318 0.000000 -0.552457 0.000000 0.833541 0.263989 0.263989 0.263989
2882.543701 0.000000 2299.202881 0.000000 -0.992939 0.000000 0.118630 0.263989 0.263989 0.263989
"}

object={
	name="Minor Road_15 short"
	render_pass=Map
	clamp_to_water_level=no
	generated_content=no
	layer="AGOT_roads"
	pdxmesh="15short_short_mesh"
	count=101
	transform="1964.355591 0.000000 3570.924316 0.000000 0.967242 0.000000 0.253855 1.000000 1.000000 1.000000
1938.486694 0.000000 3477.383789 0.000000 -0.410196 0.000000 0.911998 1.000000 1.000000 1.000000
2162.831787 0.000000 3564.363037 0.000000 -0.688147 0.000000 -0.725571 1.000000 1.000000 1.000000
1871.048584 0.000000 3690.568359 0.000000 -0.230816 -0.000000 -0.972997 1.000000 1.000000 1.000000
1660.864868 0.000000 3993.065674 0.000000 0.766143 0.000000 0.642670 1.000000 1.000000 1.000000
1830.233398 0.000000 3173.517578 0.000000 0.908289 0.000000 0.418344 1.000000 1.000000 1.000000
1827.435913 0.000000 3176.554932 0.000000 0.959327 0.000000 0.282299 1.000000 1.000000 1.000000
1851.811401 0.000000 3122.482910 0.000000 0.175748 0.000000 0.984435 1.000000 1.000000 1.000000
1322.418823 0.000000 3745.412109 0.000000 0.842002 0.000000 -0.539475 1.000000 1.000000 1.000000
1516.628418 0.000000 3329.834717 0.000000 -0.348973 0.000000 0.937132 0.992697 0.992697 0.992697
1494.030518 0.000000 3415.950195 0.000000 -0.099931 0.000000 0.994994 1.000000 1.000000 1.000000
1235.318115 0.000000 3292.147949 0.000000 -0.749984 0.000000 0.661456 1.000000 1.000000 1.000000
1246.511963 0.000000 3212.352051 0.000000 -0.081057 0.000000 0.996710 1.000000 1.000000 1.000000
1275.273438 0.000000 3188.454102 0.000000 -0.077900 -0.000000 -0.996961 1.000000 1.000000 1.000000
1351.074097 0.000000 3148.620117 0.000000 0.754793 0.000000 -0.655964 1.000000 1.000000 1.000000
1738.015381 0.000000 3900.528076 0.000000 -0.488812 0.000000 0.872389 1.000000 1.000000 1.000000
1734.302856 0.000000 3902.008789 0.000000 -0.568232 0.000000 0.822869 1.000000 1.000000 1.000000
1489.433960 0.000000 2859.540527 0.000000 -0.347686 0.000000 0.937611 1.000000 1.000000 1.000000
1271.867676 0.000000 2940.042725 0.000000 0.945966 0.000000 -0.324265 1.000000 1.000000 1.000000
1161.147705 0.000000 2848.313965 0.000000 0.958100 0.000000 -0.286433 1.000000 1.000000 1.000000
1113.296753 0.000000 2795.618164 0.000000 -0.981605 0.000000 0.190924 1.000000 1.000000 1.000000
941.792908 0.000000 2693.729980 0.000000 0.858513 0.000000 -0.512792 1.000000 1.000000 1.000000
941.715881 0.000000 2693.688721 0.000000 0.539632 0.000000 0.841901 1.000000 1.000000 1.000000
850.010315 0.000000 2541.421875 0.000000 0.871524 0.000000 -0.490352 1.000000 1.000000 1.000000
1024.518799 0.000000 2401.012695 0.000000 -0.459656 0.000000 0.888097 1.000000 1.000000 1.000000
864.080383 0.000000 2469.034668 0.000000 0.927989 0.000000 0.372607 1.000000 1.000000 1.000000
720.712280 0.000000 2373.192871 0.000000 -0.557993 0.000000 0.829846 1.000000 1.000000 1.000000
681.422058 0.000000 2315.183838 0.000000 0.927687 0.000000 -0.373358 1.000000 1.000000 1.000000
733.513550 0.000000 2143.585938 0.000000 -0.514744 0.000000 -0.857344 1.000000 1.000000 1.000000
753.764465 0.000000 2085.447998 0.000000 0.950522 0.000000 -0.310657 1.000000 1.000000 1.000000
754.495789 0.000000 2333.729004 0.000000 0.912627 0.000000 0.408792 1.000000 1.000000 1.000000
763.835571 0.000000 2419.211426 0.000000 0.663522 0.000000 -0.748157 1.000000 1.000000 1.000000
754.964355 0.000000 2417.138916 0.000000 0.916380 0.000000 -0.400309 1.000000 1.000000 1.000000
1210.958496 0.000000 2608.304688 0.000000 -0.365676 0.000000 0.930742 1.000000 1.000000 1.000000
1169.800049 0.000000 2658.898193 0.000000 0.953738 0.000000 -0.300640 1.000000 1.000000 1.000000
1280.398071 0.000000 2573.456543 0.000000 0.681884 0.000000 0.731460 1.000000 1.000000 1.000000
1419.931519 0.000000 2601.355225 0.000000 0.990765 0.000000 -0.135587 1.000000 1.000000 1.000000
1460.413452 0.000000 2652.183594 0.000000 0.996588 0.000000 0.082543 1.000000 1.000000 1.000000
1375.154053 0.000000 2462.861328 0.000000 -0.147425 0.000000 0.989073 1.000000 1.000000 1.000000
1278.292603 0.000000 2414.045654 0.000000 0.770275 0.000000 0.637712 1.000000 1.000000 1.000000
1265.436035 0.000000 2409.385742 0.000000 -0.837258 0.000000 0.546809 1.000000 1.000000 1.000000
1599.009399 0.000000 2589.770508 0.000000 -0.678977 0.000000 0.734159 1.000000 1.000000 1.000000
1891.648193 0.000000 2742.291748 0.000000 0.630886 0.000000 0.775876 1.000000 1.000000 1.000000
1746.468994 0.000000 2450.864746 0.000000 0.409416 0.000000 0.912348 1.000000 1.000000 1.000000
1775.703491 0.000000 2440.645508 0.000000 0.822195 0.000000 0.569207 1.000000 1.000000 1.000000
1920.922363 0.000000 2418.385742 0.000000 0.815507 0.000000 -0.578747 1.000000 1.000000 1.000000
1870.879883 0.000000 2591.467285 0.000000 0.357182 0.000000 0.934035 1.000000 1.000000 1.000000
1880.327515 0.000000 2617.104736 0.000000 0.768364 0.000000 0.640013 1.000000 1.000000 1.000000
1958.784302 0.000000 2677.340576 0.000000 -0.797593 0.000000 0.603196 1.000000 1.000000 1.000000
2056.218018 0.000000 3000.765137 0.000000 0.945460 0.000000 -0.325737 1.000000 1.000000 1.000000
1776.677856 0.000000 2916.213379 0.000000 -0.715836 0.000000 0.698268 1.000000 1.000000 1.000000
1110.844849 0.000000 2154.463623 0.000000 -0.137638 0.000000 0.990483 1.000000 1.000000 1.000000
2101.508545 0.000000 2012.352051 0.000000 0.396176 0.000000 0.918174 1.000000 1.000000 1.000000
2101.895020 0.000000 2000.246826 0.000000 -0.954896 0.000000 -0.296941 1.000000 1.000000 1.000000
2128.308594 0.000000 2005.993530 0.000000 -0.840100 0.000000 0.542432 1.000000 1.000000 1.000000
1819.484741 0.000000 1944.513550 0.000000 0.946265 0.000000 0.323391 1.011755 1.011755 1.011755
1701.340698 0.000000 2014.382812 0.000000 -0.889908 0.000000 -0.456140 1.021252 1.021252 1.021252
1641.823730 0.000000 5210.350098 0.000000 -0.368926 0.000000 0.929459 1.000000 1.000000 1.000000
1707.036133 0.000000 5024.557617 0.000000 -0.402583 0.000000 0.915383 1.000000 1.000000 1.000000
1751.874023 0.000000 5001.921387 0.000000 -0.173540 0.000000 0.984827 1.000000 1.000000 1.000000
1767.683716 0.000000 4977.133789 0.000000 -0.311327 0.000000 0.950303 1.000000 1.000000 1.000000
1632.784668 0.000000 5023.076660 0.000000 0.249562 0.000000 0.968359 1.000000 1.000000 1.000000
1632.878540 0.000000 5023.068359 0.000000 -0.952028 0.000000 0.306011 1.000000 1.000000 1.000000
1647.139404 0.000000 4968.180176 0.000000 -0.926804 0.000000 -0.375544 1.000000 1.000000 1.000000
1384.503540 0.000000 4687.110840 0.000000 0.270792 0.000000 0.962638 1.239344 1.239344 1.239344
1389.015381 0.000000 4558.163574 0.000000 -0.890075 0.000000 -0.455814 1.000000 1.000000 1.000000
1533.909912 0.000000 4556.542480 0.000000 -0.748634 0.000000 -0.662983 1.000000 1.000000 1.000000
1589.636597 0.000000 4262.311035 0.000000 0.975925 0.000000 0.218107 1.000000 1.000000 1.000000
1661.277100 0.000000 4141.188477 0.000000 -0.032999 0.000000 0.999455 1.000000 1.000000 1.000000
1660.170898 0.000000 4137.239258 0.000000 0.215862 0.000000 0.976424 1.000000 1.000000 1.000000
1007.774658 0.000000 4355.866211 0.000000 0.814615 0.000000 0.580003 1.000000 1.000000 1.000000
899.719910 0.000000 3421.156494 0.000000 0.832114 0.000000 -0.554604 1.000000 1.000000 1.000000
831.155090 0.000000 3180.865723 0.000000 0.128512 0.000000 0.991708 1.000000 1.000000 1.000000
831.195984 0.000000 3180.951660 0.000000 0.990271 0.000000 -0.139154 1.000000 1.000000 1.000000
767.489868 0.000000 3034.681885 0.000000 0.652983 0.000000 -0.757373 1.000000 1.000000 1.000000
2117.926514 0.000000 3502.719482 0.000000 0.993941 0.000000 0.109911 1.000000 1.000000 1.000000
2153.983154 0.000000 3500.596191 0.000000 0.905786 0.000000 -0.423736 1.000000 1.000000 1.000000
1553.637817 0.000000 4322.644043 0.000000 0.474316 0.000000 0.880355 1.000000 1.000000 1.000000
1569.297852 0.000000 4311.299316 0.000000 -0.919023 -0.000000 -0.394204 1.000000 1.000000 1.000000
1568.135010 0.000000 4301.062988 0.000000 -0.860899 0.000000 0.508777 1.000000 1.000000 1.000000
1637.083496 0.000000 2583.398193 0.000000 -0.588488 0.000000 -0.808506 1.000000 1.000000 1.000000
1754.012573 0.000000 2901.108154 0.000000 -0.746989 0.000000 0.664837 0.987036 0.987036 0.987036
2031.280273 0.000000 3256.264160 0.000000 0.415685 0.000000 0.909509 1.000000 1.000000 1.000000
1312.435791 0.000000 3149.103027 0.000000 -0.522151 0.000000 -0.852853 1.014136 1.014136 1.014136
1629.460327 0.000000 3855.931641 0.000000 0.739613 0.000000 -0.673032 1.000000 1.000000 1.000000
2052.761963 0.000000 3051.321533 0.000000 -0.934104 0.000000 -0.357001 1.000000 1.000000 1.000000
2048.452637 0.000000 3058.464355 0.000000 -0.114525 0.000000 0.993420 1.000000 1.000000 1.000000
2056.508789 0.000000 3045.042236 0.000000 -0.907989 0.000000 0.418995 1.000000 1.000000 1.000000
1982.563354 0.000000 2944.396729 0.000000 -0.965317 0.000000 0.261080 1.000000 1.000000 1.000000
1574.687744 0.000000 3311.148682 0.000000 -0.654213 0.000000 -0.756311 1.000000 1.000000 1.000000
1574.750732 0.000000 3311.155273 0.000000 -0.762147 0.000000 0.647404 1.000000 1.000000 1.000000
1425.569336 0.000000 5224.343262 0.000000 -0.828598 0.000000 -0.559844 1.000000 1.000000 1.000000
1434.267090 0.000000 5230.052734 0.000000 -0.976117 0.000000 0.217244 1.000000 1.000000 1.000000
1434.211060 0.000000 5229.839844 0.000000 0.238553 0.000000 0.971130 1.000000 1.000000 1.000000
1391.250854 0.000000 3528.002930 0.000000 0.551721 0.000000 0.834028 1.000000 1.000000 1.000000
1387.587646 0.000000 3526.581543 0.000000 0.631761 0.000000 0.775163 1.000000 1.000000 1.000000
1187.346924 0.000000 2580.425781 0.000000 -0.558436 0.000000 0.829548 1.000000 1.000000 1.000000
1143.137207 0.000000 2572.390625 0.000000 -0.677535 0.000000 -0.735490 1.000000 1.000000 1.000000
1985.440186 0.000000 3145.610596 0.000000 -0.685714 0.000000 0.727871 1.000000 1.000000 1.000000
2025.018799 0.000000 3136.931885 0.000000 0.161611 0.000000 0.986854 1.000000 1.000000 1.000000
2016.774414 0.000000 3144.784912 0.000000 -0.601994 0.000000 0.798501 1.000000 1.000000 1.000000"}

object={
	name="Osgoods_Square"
	render_pass=Map
	clamp_to_water_level=no
	generated_content=no
	layer="AGOT_building_layer"
	pdxmesh="building_special_GT_Shett_mesh"
	count=1
	transform="2125.628662 0.000000 3498.598877 0.000000 0.000000 0.000000 1.000000 1.063186 1.063186 1.063186
"}

object={
	name="Polar Bear"
	render_pass=Map
	clamp_to_water_level=no
	generated_content=no
	layer="AGOT_animal_layer"
	entity="polar_bear_entity"
	count=1
	transform="917.346375 0.000000 5147.822754 0.000000 0.000000 0.000000 1.000000 0.395850 0.395850 0.395850
"}

object={
	name="Raven"
	render_pass=Map
	clamp_to_water_level=no
	generated_content=no
	layer="AGOT_animal_layer"
	entity="raven_port_entity"
	count=68
	transform="1581.872070 2.929443 3302.874512 0.000000 0.000000 0.000000 1.000000 0.407251 0.407251 0.407251
1578.362061 5.874268 3307.878906 0.000000 0.000000 0.000000 1.000000 0.407251 0.407251 0.407251
1576.502930 3.936035 3300.602295 0.000000 0.000000 0.000000 1.000000 0.407251 0.407251 0.407251
1266.260620 -1.553711 3401.838867 0.000000 0.000000 0.000000 1.000000 0.389355 0.389355 0.389355
1490.947144 5.564941 5654.556152 0.000000 -0.737216 0.000000 0.675657 0.411841 0.411841 0.411841
1491.337158 2.479492 5657.690918 0.000000 -0.834091 0.000000 -0.551627 0.411841 0.411841 0.411841
1491.024292 0.258301 5657.620117 0.000000 0.565663 0.000000 -0.824637 0.411841 0.411841 0.411841
1434.184814 5.564941 5495.741211 0.000000 -0.041181 0.000000 0.999152 0.411841 0.411841 0.411841
1434.574829 2.479492 5498.875977 0.000000 0.251854 0.000000 0.967765 0.411841 0.411841 0.411841
1434.261963 0.258301 5498.805176 0.000000 -0.107619 0.000000 0.994192 0.411841 0.411841 0.411841
1411.564941 5.564941 5540.045410 0.000000 -0.690497 -0.000000 -0.723336 0.411841 0.411841 0.411841
1411.954956 2.479492 5543.180176 0.000000 0.623963 0.000000 -0.781454 0.411841 0.411841 0.411841
1411.642090 0.258301 5543.109375 0.000000 0.991111 0.000000 0.133039 0.411841 0.411841 0.411841
1512.098633 5.564941 5544.490234 0.000000 -0.507942 0.000000 0.861391 0.411841 0.411841 0.411841
1512.488647 2.479492 5547.625000 0.000000 0.505933 0.000000 -0.862573 0.411841 0.411841 0.411841
1512.175781 0.258301 5547.554199 0.000000 0.307457 0.000000 -0.951562 0.411841 0.411841 0.411841
1559.696411 5.564941 5428.043457 0.000000 -0.297891 0.000000 0.954600 0.411841 0.411841 0.411841
1560.086426 2.479492 5431.178223 0.000000 0.751672 0.000000 0.659537 0.411841 0.411841 0.411841
1559.773560 0.258301 5431.107422 0.000000 0.880128 0.000000 0.474736 0.411841 0.411841 0.411841
1819.080200 5.564941 5391.246582 0.000000 -0.998119 0.000000 -0.061311 0.411841 0.411841 0.411841
1819.470215 2.479492 5394.381348 0.000000 0.118360 0.000000 -0.992971 0.411841 0.411841 0.411841
1819.157349 0.258301 5394.310547 0.000000 -0.676177 0.000000 0.736739 0.411841 0.411841 0.411841
1781.565918 5.564941 5346.398926 0.000000 -0.767912 0.000000 0.640556 0.411841 0.411841 0.411841
1781.955933 2.479492 5349.533691 0.000000 0.690133 0.000000 0.723682 0.411841 0.411841 0.411841
1781.643066 0.258301 5349.462891 0.000000 -0.790762 0.000000 -0.612124 0.411841 0.411841 0.411841
1728.401855 5.564941 5383.377930 0.000000 -0.748583 0.000000 -0.663041 0.411841 0.411841 0.411841
1728.791870 2.479492 5386.512695 0.000000 0.967697 0.000000 0.252117 0.411841 0.411841 0.411841
1728.479004 0.258301 5386.441895 0.000000 -0.999964 0.000000 0.008431 0.411841 0.411841 0.411841
1607.423584 5.564941 5328.229492 0.000000 0.229507 -0.000000 -0.973307 0.411841 0.411841 0.411841
1609.108154 2.479492 5330.312988 0.000000 0.900887 0.000000 0.434053 0.411841 0.411841 0.411841
1608.425171 0.258301 5333.235352 -0.000000 -0.085142 0.000000 0.996369 0.411841 0.411841 0.411841
1541.145508 5.564941 5346.481445 0.000000 0.000000 0.000000 1.000000 0.411841 0.411841 0.411841
1541.535522 2.479492 5349.616211 0.000000 0.000000 0.000000 1.000000 0.411841 0.411841 0.411841
1541.222656 0.258301 5349.545410 0.000000 0.000000 0.000000 1.000000 0.411841 0.411841 0.411841
1426.728760 9.516113 5240.404785 0.000000 0.969113 0.000000 0.246616 0.411841 0.411841 0.411841
1426.484741 6.430664 5242.184082 0.000000 0.969113 0.000000 0.246616 0.411841 0.411841 0.411841
1427.770508 4.209473 5239.354492 0.000000 0.969113 0.000000 0.246616 0.411841 0.411841 0.411841
1786.936768 3.887695 5276.942871 0.000000 0.000000 0.000000 1.000000 0.411841 0.411841 0.411841
1787.326782 0.802246 5280.077637 0.000000 0.000000 0.000000 1.000000 0.411841 0.411841 0.411841
1787.013916 -1.418945 5280.006836 0.000000 0.000000 0.000000 1.000000 0.411841 0.411841 0.411841
1625.142700 2.497070 5282.826660 0.000000 0.000000 0.000000 1.000000 0.411841 0.411841 0.411841
1618.920776 -0.095703 5280.227539 0.000000 0.000000 0.000000 1.000000 0.411841 0.411841 0.411841
1635.318604 0.802246 5281.280762 0.000000 0.000000 0.000000 1.000000 0.411841 0.411841 0.411841
1635.005737 -1.418945 5281.209961 0.000000 0.000000 0.000000 1.000000 0.411841 0.411841 0.411841
1757.873413 1.173828 4750.420410 0.000000 0.000000 0.000000 1.000000 0.411841 0.411841 0.411841
1751.651489 -1.418945 4747.821289 0.000000 0.000000 0.000000 1.000000 0.411841 0.411841 0.411841
1765.126343 -1.418945 4745.279785 0.000000 0.000000 0.000000 1.000000 0.411841 0.411841 0.411841
1765.159546 -1.418945 4755.607422 0.000000 0.000000 0.000000 1.000000 0.411841 0.411841 0.411841
1348.369873 3.880859 4683.130859 0.000000 0.000000 0.000000 1.000000 0.411841 0.411841 0.411841
1350.654663 6.452637 4685.811035 0.000000 0.000000 0.000000 1.000000 0.411841 0.411841 0.411841
1345.299072 1.161621 4687.309082 0.000000 0.000000 0.000000 1.000000 0.411841 0.411841 0.411841
1051.650757 -0.390137 4320.005859 0.000000 0.000000 0.000000 1.000000 0.411841 0.411841 0.411841
1331.820679 -0.390137 3934.560059 0.000000 0.000000 0.000000 1.000000 0.411841 0.411841 0.411841
1328.157715 -0.390137 3932.510986 0.000000 0.000000 0.000000 1.000000 0.411841 0.411841 0.411841
1329.910645 -0.390137 3932.253174 0.000000 0.000000 0.000000 1.000000 0.411841 0.411841 0.411841
1238.923584 -0.390137 3526.392334 0.000000 0.000000 0.000000 1.000000 0.411841 0.411841 0.411841
1247.830322 -0.390137 3510.875488 0.000000 0.000000 0.000000 1.000000 0.411841 0.411841 0.411841
1233.581177 -0.390137 3542.527344 0.000000 0.000000 0.000000 1.000000 0.411841 0.411841 0.411841
1244.855103 -0.390137 3527.018555 0.000000 0.000000 0.000000 1.000000 0.411841 0.411841 0.411841
1245.926270 -0.390137 3508.698486 0.000000 0.000000 0.000000 1.000000 0.411841 0.411841 0.411841
1244.465576 -0.390137 3509.170410 0.000000 0.000000 0.000000 1.000000 0.411841 0.411841 0.411841
1565.622192 -1.370117 3779.994629 0.000000 0.000000 0.000000 1.000000 0.498462 0.498462 0.498462
1579.126831 -1.370117 3786.696777 0.000000 0.000000 0.000000 1.000000 0.498462 0.498462 0.498462
1583.728394 -1.370117 3774.794922 0.000000 0.000000 0.000000 1.000000 0.498462 0.498462 0.498462
1591.715332 0.000000 3764.949951 0.000000 0.000000 0.000000 1.000000 0.498462 0.498462 0.498462
801.781616 7.938721 2245.284912 0.000000 0.000000 0.000000 1.000000 0.542456 0.542456 0.542456
804.574951 4.575439 2248.094971 0.000000 0.000000 0.000000 1.000000 0.542456 0.542456 0.542456
808.595154 4.575439 2245.124756 0.000000 0.000000 0.000000 1.000000 0.542456 0.542456 0.542456
"}

object={
	name="Road_45 Short"
	render_pass=Map
	clamp_to_water_level=no
	generated_content=no
	layer="AGOT_roads"
	pdxmesh="45short_mesh"
	count=78
	transform="3306.972656 0.000000 5401.799805 0.000000 0.000000 0.000000 1.000000 1.000000 1.000000 1.000000
1655.837402 0.000000 3108.728760 0.000000 -0.997382 0.000000 0.072320 1.000000 1.000000 1.000000
1642.936401 0.000000 3198.107178 0.000000 -0.997680 0.000000 0.068073 1.000000 1.000000 1.000000
1633.821655 0.000000 3246.665283 0.000000 -0.931367 0.000000 0.364081 1.000000 1.000000 1.000000
1621.428101 0.000000 3295.863281 0.000000 0.178062 0.000000 0.984019 1.000000 1.000000 1.000000
1625.009277 0.000000 3326.379883 0.000000 0.237945 0.000000 0.971279 1.000000 1.000000 1.000000
1602.360107 0.000000 3381.356201 0.000000 0.930755 0.000000 0.365644 1.000000 1.000000 1.000000
1555.992798 0.000000 3443.384277 0.000000 -0.343104 0.000000 0.939297 1.000000 1.000000 1.000000
1504.177124 0.000000 3528.353027 0.000000 -0.313313 0.000000 0.949650 1.000000 1.000000 1.000000
1482.694824 0.000000 3548.081055 0.000000 -0.967780 0.000000 -0.251797 1.000000 1.000000 1.000000
1469.649414 0.000000 3564.368896 0.000000 0.988656 0.000000 0.150197 1.000000 1.000000 1.000000
1288.273438 0.000000 3407.203613 0.000000 0.602323 0.000000 0.798252 1.000000 1.000000 1.000000
1179.336182 0.000000 3319.678467 0.000000 0.696351 0.000000 -0.717701 1.000000 1.000000 1.000000
944.201172 0.000000 3228.361572 0.000000 -0.716006 0.000000 -0.698094 1.000000 1.000000 1.000000
822.004395 0.000000 3147.283203 0.000000 -0.073595 0.000000 0.997288 1.000000 1.000000 1.000000
822.164429 0.000000 3147.048096 0.000000 0.999264 0.000000 0.038354 1.000000 1.000000 1.000000
850.231018 0.000000 3100.489014 0.000000 -0.691963 0.000000 -0.721933 1.000000 1.000000 1.000000
903.726135 0.000000 3100.222656 0.000000 -0.811644 0.000000 -0.584152 1.000000 1.000000 1.000000
903.493652 0.000000 3100.077881 0.000000 0.579041 0.000000 -0.815298 1.000000 1.000000 1.000000
1210.987915 0.000000 2997.786377 0.000000 0.917603 0.000000 -0.397497 1.000000 1.000000 1.000000
1183.295410 0.000000 3008.801025 0.000000 0.885345 0.000000 0.464936 1.000000 1.000000 1.000000
1198.888794 0.000000 2998.338135 0.000000 -0.999976 0.000000 0.006877 1.000000 1.000000 1.000000
1406.850586 0.000000 3029.808105 0.000000 0.605995 0.000000 0.795468 1.000000 1.000000 1.000000
1437.241821 0.000000 3036.826660 0.000000 -0.869523 0.000000 -0.493892 1.000000 1.000000 1.000000
1581.722656 0.000000 2992.781738 0.000000 -0.352732 0.000000 0.935724 1.000000 1.000000 1.000000
1598.246826 0.000000 2986.158203 0.000000 -0.019499 0.000000 0.999810 1.000000 1.000000 1.000000
1639.594727 0.000000 2968.217285 0.000000 0.439711 0.000000 0.898139 1.000000 1.000000 1.000000
1639.492188 0.000000 2967.827637 0.000000 -0.850268 0.000000 0.526350 1.000000 1.000000 1.000000
1627.700439 0.000000 2956.816650 0.000000 0.492362 0.000000 0.870391 1.000000 1.000000 1.000000
1577.776001 0.000000 3412.216797 0.000000 0.999172 0.000000 0.040680 1.000000 1.000000 1.000000
1613.145752 0.000000 3440.663086 0.000000 0.993378 0.000000 -0.114893 1.000000 1.000000 1.000000
1695.243530 0.000000 3446.902100 0.000000 -0.697200 0.000000 0.716877 1.000000 1.000000 1.000000
1724.647461 0.000000 3507.923096 0.000000 -0.628887 -0.000000 -0.777497 1.000000 1.000000 1.000000
1724.579834 0.000000 3507.787354 0.000000 -0.743070 0.000000 0.669214 1.000000 1.000000 1.000000
1717.175537 0.000000 3505.029785 0.000000 -0.866230 0.000000 0.499645 1.000000 1.000000 1.000000
1791.687012 0.000000 3533.573242 0.000000 -0.585820 0.000000 -0.810441 1.000000 1.000000 1.000000
1783.790283 0.000000 3534.611572 0.000000 -0.832677 0.000000 -0.553760 1.000000 1.000000 1.000000
1783.613647 0.000000 3534.455078 0.000000 -0.654104 0.000000 0.756405 1.000000 1.000000 1.000000
942.267761 0.000000 3114.753906 0.000000 -0.832190 0.000000 -0.554490 1.000000 1.000000 1.000000
1784.341064 0.000000 2873.986816 0.000000 -0.929096 0.000000 -0.369838 1.000000 1.000000 1.000000
1952.510864 0.000000 2711.034912 0.000000 -0.351803 0.000000 0.936074 1.000000 1.000000 1.000000
1952.786255 0.000000 2710.947266 0.000000 -0.924181 0.000000 -0.381955 1.000000 1.000000 1.000000
1665.921997 0.000000 2884.113281 0.000000 0.824057 0.000000 0.566506 1.000000 1.000000 1.000000
1645.236206 0.000000 2853.179688 0.000000 -0.529573 0.000000 -0.848265 1.000000 1.000000 1.000000
1562.696411 0.000000 2811.147949 0.000000 0.724500 0.000000 -0.689275 1.000000 1.000000 1.000000
1244.228516 0.000000 2742.832031 0.000000 -0.880899 0.000000 0.473304 1.063519 1.063519 1.063519
1150.577515 0.000000 2677.731689 0.000000 -0.685752 0.000000 -0.727835 1.000000 1.000000 1.000000
1112.785889 0.000000 2658.762939 0.000000 0.858345 0.000000 -0.513074 1.000000 1.000000 1.000000
1039.315674 0.000000 2526.335693 0.000000 0.738781 0.000000 -0.673946 1.000000 1.000000 1.000000
1010.897827 0.000000 2497.370850 0.000000 0.962085 0.000000 -0.272749 1.000000 1.000000 1.000000
994.064087 0.000000 2474.723633 0.000000 0.479827 0.000000 0.877363 1.000000 1.000000 1.000000
1005.798828 0.000000 2484.643311 0.000000 0.818783 0.000000 -0.574103 1.000000 1.000000 1.000000
979.092285 0.000000 2466.197266 0.000000 -0.700517 0.000000 -0.713636 1.000000 1.000000 1.000000
930.540405 0.000000 2338.546631 0.000000 0.701790 0.000000 -0.712384 1.000000 1.000000 1.000000
956.014465 0.000000 2574.149658 0.000000 -0.476745 0.000000 0.879042 1.000000 1.000000 1.000000
888.636597 0.000000 2603.231934 0.000000 -0.945884 0.000000 -0.324504 1.000000 1.000000 1.000000
888.457703 0.000000 2603.351807 0.000000 -0.237286 0.000000 0.971440 1.000000 1.000000 1.000000
882.950012 0.000000 2609.250244 0.000000 -0.504933 0.000000 0.863158 1.000000 1.000000 1.000000
819.867554 0.000000 2645.739014 0.000000 -0.407982 0.000000 0.912990 1.000000 1.000000 1.000000
800.493408 0.000000 2655.201172 0.000000 0.953777 0.000000 0.300515 1.000000 1.000000 1.000000
764.132019 0.000000 2682.587646 0.000000 -0.419608 0.000000 0.907705 1.000000 1.000000 1.000000
746.108337 0.000000 2697.282471 0.000000 0.992761 0.000000 0.120104 1.000000 1.000000 1.000000
750.000244 0.000000 2690.209717 0.000000 0.924481 0.000000 0.381228 1.000000 1.000000 1.000000
710.459412 0.000000 2759.478271 0.000000 -0.197799 0.000000 0.980243 1.000000 1.000000 1.000000
719.498230 0.000000 2822.362793 0.000000 -0.391106 0.000000 0.920346 1.000000 1.000000 1.000000
699.174866 0.000000 2900.479736 0.000000 0.986396 0.000000 -0.164386 1.000000 1.000000 1.000000
700.540161 0.000000 2884.652832 0.000000 0.000000 0.000000 1.000000 1.000000 1.000000 1.000000
705.366211 0.000000 2905.257080 0.000000 -0.835962 0.000000 0.548787 1.000000 1.000000 1.000000
752.777039 0.000000 2957.961426 0.000000 0.104105 0.000000 0.994566 1.000000 1.000000 1.000000
752.419800 0.000000 2966.070801 0.000000 -0.174021 0.000000 0.984742 1.000000 1.000000 1.000000
744.642883 0.000000 2980.033936 0.000000 0.996482 0.000000 0.083805 1.000000 1.000000 1.000000
1382.305054 0.000000 4297.953613 0.000000 0.174478 0.000000 -0.984661 1.000000 1.000000 1.000000
1382.508667 0.000000 4297.838379 0.000000 0.999051 0.000000 0.043561 1.000000 1.000000 1.000000
1381.730469 0.000000 4349.983887 0.000000 -0.971879 0.000000 0.235480 1.000000 1.000000 1.000000
1347.998291 0.000000 4596.434082 0.000000 0.910100 0.000000 0.414390 1.000000 1.000000 1.000000
1361.571777 0.000000 4588.162109 0.000000 -0.344265 0.000000 0.938873 1.000000 1.000000 1.000000
1357.822998 0.000000 4649.274902 0.000000 -0.959628 0.000000 0.281274 1.000000 1.000000 1.000000
776.419617 0.000000 3084.889893 0.000000 0.381867 0.000000 0.924217 1.000000 1.000000 1.000000
"}

object={
	name="Road_Stright Long"
	render_pass=Map
	clamp_to_water_level=no
	generated_content=no
	layer="AGOT_roads"
	pdxmesh="straightlong_mesh"
	count=1
	transform="3322.249268 0.000000 5402.238770 0.000000 0.000000 0.000000 1.000000 1.000000 1.000000 1.000000
"}

object={
	name="Seal"
	render_pass=Map
	clamp_to_water_level=no
	generated_content=no
	layer="AGOT_animal_layer"
	entity="seal_entity"
	count=6
	transform="1558.773804 -0.147461 4280.690430 0.000000 -0.330974 0.000000 0.943640 0.281307 0.281307 0.281307
1567.300659 -0.218262 4293.608398 0.000000 -0.177716 0.000000 0.984082 0.281307 0.281307 0.281307
1561.532349 -0.194824 4285.358887 0.000000 0.997473 0.000000 0.071043 0.281307 0.281307 0.281307
1568.060059 -0.052246 4292.273438 0.000000 0.289618 0.000000 0.957142 0.281307 0.281307 0.281307
1557.423218 -0.167969 4282.047363 0.000000 0.352632 0.000000 0.935762 0.281307 0.281307 0.281307
1563.227051 -0.115235 4295.937012 0.000000 -0.137828 0.000000 -0.990456 0.281307 0.281307 0.281307
"}

object={
	name="Shadow Tower Fence"
	render_pass=Map
	clamp_to_water_level=no
	generated_content=no
	layer="AGOT_building_layer"
	pdxmesh="building_special_shadowTowerFence_mesh"
	count=33
	transform="1585.130005 0.000000 4312.156738 0.000000 0.944695 0.000000 0.327950 1.000000 1.000000 1.000000
1585.672729 0.000000 4313.662598 0.000000 0.788118 0.000000 0.615524 1.000000 1.000000 1.000000
1580.396973 0.000000 4317.580566 0.000000 -0.255497 0.000000 0.966810 1.000000 1.000000 1.000000
1578.531860 0.000000 4313.760742 0.000000 -0.599738 0.000000 0.800197 1.000000 1.000000 1.000000
1578.180908 0.000000 4309.965820 0.000000 -0.708962 0.000000 0.705247 1.000000 1.000000 1.000000
1563.669678 0.000000 4304.492188 0.000000 -0.991536 0.000000 0.129834 1.000000 1.000000 1.000000
1562.035400 0.000000 4305.142090 0.000000 -0.978258 0.000000 0.207390 1.000000 1.000000 1.000000
1563.220459 0.158203 4310.041504 0.000000 -0.385713 0.000000 0.922619 1.000000 1.000000 1.000000
1561.038696 0.158203 4307.055664 0.000000 0.743779 0.000000 -0.668426 1.000000 1.000000 1.000000
1560.986694 0.000000 4308.242188 0.000000 0.417369 0.000000 -0.908737 1.000000 1.000000 1.000000
1591.347046 0.000000 4275.693359 0.000000 -0.947461 0.000000 -0.319872 1.000000 1.000000 1.000000
1590.410522 0.000000 4275.000977 0.000000 -0.969677 0.000000 -0.244389 1.000000 1.000000 1.000000
1587.108276 -0.011719 4278.403320 0.000000 -0.834274 0.000000 0.551351 1.000000 1.000000 1.000000
1584.137695 -0.011719 4270.392090 0.000000 -0.696804 0.000000 0.717261 1.000000 1.000000 1.000000
1584.109497 0.182617 4269.251465 0.000000 -0.696804 0.000000 0.717261 1.000000 1.000000 1.000000
1586.670654 -0.011719 4280.618652 0.000000 -0.696804 0.000000 0.717261 1.000000 1.000000 1.000000
1586.642456 -0.011719 4279.478027 0.000000 -0.696804 0.000000 0.717261 1.000000 1.000000 1.000000
1566.950928 0.000000 4306.233887 0.000000 -0.947461 0.000000 -0.319872 1.000000 1.000000 1.000000
1566.014404 0.000000 4305.541504 0.000000 -0.969677 0.000000 -0.244389 1.000000 1.000000 1.000000
1567.369141 0.000000 4309.165039 0.000000 -0.761574 0.000000 0.648078 1.000000 1.000000 1.000000
1590.538330 0.000000 4316.298828 0.000000 -0.668638 0.000000 0.743588 1.000000 1.000000 1.000000
1590.644531 0.000000 4317.411133 0.000000 -0.668638 0.000000 0.743588 1.000000 1.000000 1.000000
1580.664917 0.000000 4281.770508 0.000000 0.989817 0.000000 0.142348 1.000000 1.000000 1.000000
1579.583130 0.000000 4272.764160 0.000000 0.846390 0.000000 0.532563 1.000000 1.000000 1.000000
784.703735 0.000000 3090.769775 0.000000 -0.828761 0.000000 0.559602 1.000000 1.000000 1.000000
784.954285 0.000000 3089.813965 0.000000 -0.828761 0.000000 0.559602 1.000000 1.000000 1.000000
785.295776 0.000000 3088.894287 0.000000 -0.828761 0.000000 0.559602 1.000000 1.000000 1.000000
1465.276367 0.001465 5217.877441 0.000000 0.205511 0.000000 0.978655 1.000000 1.000000 1.000000
1470.390015 0.298340 5216.686523 0.000000 -0.134812 0.000000 0.990871 1.000000 1.000000 1.000000
1469.374512 0.298340 5216.970703 0.000000 0.144315 0.000000 0.989532 1.000000 1.000000 1.000000
1468.351318 0.143555 5217.273438 0.000000 0.144315 0.000000 0.989532 1.000000 1.000000 1.000000
1467.328003 0.091309 5217.579590 0.000000 0.144315 0.000000 0.989532 1.000000 1.000000 1.000000
1467.327148 0.269531 5217.572754 0.000000 0.998306 0.000000 0.058190 1.000000 1.000000 1.000000
"}

object={
	name="Shadow Tower Shed"
	render_pass=Map
	clamp_to_water_level=no
	generated_content=no
	layer="AGOT_building_layer"
	pdxmesh="building_special_shadowTowerShed_mesh"
	count=3
	transform="1581.627808 0.000000 4317.044434 0.000000 0.000000 0.000000 1.000000 1.000000 1.000000 1.000000
1474.158325 -0.101074 5220.252930 0.000000 0.180060 0.000000 0.983656 1.000000 1.000000 1.000000
1471.933472 -0.096680 5223.478027 0.000000 -0.948608 0.000000 0.316454 1.000000 1.000000 1.000000
"}

object={
	name="Tyrosh_Inner_Fortress"
	render_pass=Map
	clamp_to_water_level=no
	generated_content=no
	layer="AGOT_building_layer"
	pdxmesh="building_special_Tyrosh_InnerFortress_mesh"
	count=1
	transform="2431.870117 -2.691406 2457.180664 0.000000 0.000000 0.000000 1.000000 59.902443 59.902443 59.902443
"}

object={
	name="Tyrosh_Vfort"
	render_pass=Map
	clamp_to_water_level=no
	generated_content=no
	layer="AGOT_building_layer"
	pdxmesh="building_special_Tyrosh_VFort_mesh"
	count=1
	transform="2432.682861 -1.736084 2454.731201 0.000000 0.000000 0.000000 1.000000 65.533264 65.533264 65.533264
"}

object={
	name="WH_Houses"
	render_pass=Map
	clamp_to_water_level=no
	generated_content=no
	layer="AGOT_building_layer"
	pdxmesh="building_special_WH_Houses_mesh"
	count=1
	transform="1571.007324 0.000000 4300.662598 0.000000 0.005661 0.000000 0.999984 0.576382 0.576382 0.576382
"}

object={
	name="WH_SealRock"
	render_pass=Map
	clamp_to_water_level=no
	generated_content=no
	layer="AGOT_building_layer"
	pdxmesh="building_special_WH_SealRock_mesh"
	count=1
	transform="1560.731323 0.000000 4282.426270 0.000000 0.075809 0.000000 0.997122 0.370319 0.370319 0.370319
"}

object={
	name="WH_Walls"
	render_pass=MapUnderWater
	clamp_to_water_level=no
	generated_content=no
	layer="AGOT_building_layer"
	pdxmesh="building_special_WH_Walls_mesh"
	count=1
	transform="1573.936768 -0.282715 4316.535645 0.000000 0.014205 0.000000 0.999899 0.564910 0.564910 0.564910
"}
