# Generated by ck3mm from the mod's workspace implementation.
# Complete replacements for touched graphical-region keys.

graphical_east_asia = {
	graphical = yes
	color = { 155 255 155 }
	provinces = {
		7293
	}
	duchies = {
		d_R100G209B15
		d_R103G34B31
		d_R104G238B108
		d_R106G34B26
		d_R112G28B16
		d_R115G164B11
		d_R118G226B28
		d_R119G203B117
		d_R123G165B62
		d_R123G69B44
		d_R126G207B217
		d_R126G55B188
		d_R127G31B145
		d_R128G163B201
		d_R128G165B91
		d_R129G169B173
		d_R129G31B140
		d_R12G131B170
		d_R12G4B57
		d_R131G200B113
		d_R133G215B116
		d_R133G93B231
		d_R138G163B247
		d_R140G173B221
		d_R140G191B33
		d_R140G63B133
		d_R143G132B81
		d_R143G224B96
		d_R145G62B183
		d_R146G124B54
		d_R146G195B113
		d_R147G113B69
		d_R147G124B78
		d_R147G241B217
		d_R149G188B218
		d_R152G226B139
		d_R154G131B121
		d_R155G213B113
		d_R157G24B25
		d_R15G78B55
		d_R162G147B201
		d_R162G163B218
		d_R162G96B163
		d_R164G158B236
		d_R166G215B77
		d_R166G7B230
		d_R167G215B10
		d_R170G1B201
		d_R173G39B57
		d_R174G82B237
		d_R179G213B70
		d_R184G102B177
		d_R186G98B77
		d_R187G97B55
		d_R197G250B234
		d_R198G191B13
		d_R200G178B4
		d_R204G32B182
		d_R204G81B169
		d_R209G244B199
		d_R209G33B30
		d_R216G170B210
		d_R21G0B50
		d_R220G50B93
		d_R222G220B5
		d_R224G121B183
		d_R224G137B134
		d_R224G201B152
		d_R230G145B81
		d_R232G107B142
		d_R237G75B164
		d_R23G122B200
		d_R243G219B128
		d_R246G38B101
		d_R246G63B205
		d_R24G149B3
		d_R254G161B109
		d_R255G46B176
		d_R29G61B120
		d_R2G223B70
		d_R42G21B193
		d_R43G59B222
		d_R44G198B158
		d_R55G175B124
		d_R55G247B36
		d_R59G123B179
		d_R59G221B136
		d_R5G53B50
		d_R61G109B109
		d_R63G211B67
		d_R64G232B56
		d_R65G217B122
		d_R74G231B172
		d_R79G198B89
		d_R79G215B32
		d_R82G4B39
		d_R82G61B86
		d_R83G108B44
		d_R83G220B141
		d_R84G146B204
		d_R88G169B175
		d_R88G177B122
		d_R96G6B240
		d_R99G52B102
		d_eetlv_wilds_08
		d_R192G168B147
		d_R206G76B102
		d_R228G175B102
		d_R47G193B207
		d_R104G124B189
		d_R119G143B156
		d_R11G232B14
		d_R13G72B64
		d_R158G10B113
		d_R166G86B71
		d_R178G220B218
		d_R179G19B114
		d_R181G76B165
		d_R184G2B113
		d_R192G133B221
		d_R214G198B42
		d_R217G108B230
		d_R22G126B243
		d_R22G66B24
		d_R239G205B48
		d_R254G116B0
		d_R28G156B183
		d_R35G62B235
		d_R43G42B30
		d_R49G138B7
		d_R52G177B161
		d_R60G23B175
		d_R68G221B98
		d_R72G96B9
		d_R77G245B83
		d_R80G19B19
		d_R82G102B147
		d_R83G216B139
		d_R84G175B167
		d_eetlv_wildm_02
		d_eetlv_wildm_03
		d_eetlv_wildm_04
		d_eetlv_wildm_06
		d_eetlv_wildm_07
		d_eetlv_wildm_09
		d_eetlv_wildm_10
		d_eetlv_wildm_13
		d_eetlv_wildm_14
		d_eetlv_wilds_02
		d_eetlv_wilds_10
		d_R111G75B187
		d_R122G121B140
		d_R193G60B253
		d_R220G226B155
		d_R222G151B16
		d_R232G202B38
		d_R238G6B173
		d_R240G127B159
		d_R28G169B63
		d_R41G226B41
		d_R42G145B84
		d_R45G162B231
		d_R70G73B87
		d_R81G64B118
		d_eetlv_wildm_01
		d_eetlv_wildm_05
		d_eetlv_wildm_08
		d_eetlv_wildm_11
		d_eetlv_wildm_12
		d_eetlv_wilds_06
		d_R164G237B211
		d_R1G86B152
		d_R250G175B97
		d_R32G145B229
		d_R37G186B138
		d_R44G38B62
		d_R52G33B207
		d_R6G17B202
		d_R97G210B157
		d_R48G26B112
		d_R53G140B216
		d_R57G49B210
		d_R67G144B34
		d_R77G214B155
		d_R90G15B103
	}
}

graphical_india = {
	graphical = yes
	color = { 0 255 0 }
# regions = {

# }
	provinces = {
		8219 8220 8221 12115 12117 12124 12125 12129 12136 12156 12158 12186 12189 12208 12228 12235
		12250 12274 12321 12327 12328 12343 12351 12355 12356 12364 12369 12394 12405 12435 12440 12483
		12507 12538 12560 12629 12633 12667 12686 12712 12719 12739 12741 12742 12799 12805 12812 12820
		12825 12839 12841 12848 12856 12871 12872 12881 12918 12920 12932 12979 12987 12993 13011 13017
		13028 13030 13060 13077 13080 13093 13097 13113 13127 13129 13152 13158 13169 13185 13190 13215
		13222 13230 13279 13308 13339 13347 13354 13355 13358 13373 13378 13397 13415 13424 13444 13445
		13465 13484 13494 13522 13558 13572 13577 13599 13614 13616 13635 13639 13648 13655 13656 13683
		13717 13720 13722 13724 13761 13783 13796 13807 13809 13835 13838 13841 13851 13876 13877 13881
		13884 13886 13890 13900 13915 13938 13949 13968 13969 13982 13988 14020 14043 14053 14059 14071
		14082 14089 14092 14100 14146 14160 14169 14177 14215 14236 14248 14256 14290 14298 14314 14317
		14321 14330 14339 14348 14369 14372 14374 14406 14415 14421 14432 14442 14445 14451 14454 14469
		14471 14496 14514 14523 14528 14533 14539 14550 14554 14557 14561 14568 14578 14581 14587 14590
		14642 14668 14672 14678 14690 14705 14707 14752 14787 14810 14827 14836 14837 14859 14862 14895
		14904 14910 14911 14915 14920 14923 14936 14939 14941 14956 14957 14965 14976 14977 14979 14986
		14992 15018 15040 15069 15100 15152 15156 15185 15196 15209 15226 15229 15233 15236 15242 15268
		15279 15301 15313 15336 15348 15379 15395 15409 15431 15448 15462 15478 15482 15484 15487 15495
		15503 15521 15554 15556 15559 15594 15616 15621 15622 15648 15651 15659 15671 15677 15679 15719
		15726 15752 15781 15827 15839 15841 15843 15858 15880 15904 15911 15922 15931 15944 15948 15971
		15974 15977 16036 16046 16059 16063 16090 16121 16127 16147 16151 16162 16168 16177 16180 16198
		16233 16245 16247 16272 16295 16298 16305 16310 16314 16315 16319 16326 16336 16337 16341 16346
		16372 16387 16405 16411 16423 16444 16448 16464 16476 16506 16510 16524 16534 16535 16569 16570
		16582 16585 16592 16597 16603 16604 16606 16607 16609 16615 16647 16650 16651 16670 16673 16689
		16695 16709 16727 16730 16738 16747 16748 16757 16777 16787 16788 16790 16792 16802 16804 16814
		16828 16831 16838 16839 16841 16862 16875 16898 16900 16919 16929 16933 16937 16956 16961 16966
		16977 16978 16984 17003 17065 17079 17083 17088 17092 17119 17124 17125 17134 17148 17156 17176
		17188 17197 17221 17280 17287 17305 17311 17317 17359 17371 17372 17376 17386 17401 17422 17443
		17459 17462 17486 17504 17511 17514 17547 17552 17555 17589 17623 17624 17647 17657 17664 17708
		17714 17717 17727 17729 17732 17737 17742 17756 17773 17775 17787 17795 17821 17826 17845 17848
		17849 17867 17880 17883 17891 17898 17906 17910 17916 17920 17923 17935 17949 17964 17978 18035
		18037 18038 18039 18071 18082 18112 18114 18119 18124 18148 18149 18150 18154 18170 18174 18195
		18262 18264 18278 18283 18285 18290 18311 18319 18405 18413 18434 18442 18443 18452 18454 18455
		18482 18488 18504 18519 18524 18530 18545 18564 18567 18571 18574 18577 18585 18587 18603 18607
		18608 18621 18625 18627 18670 18671 18691 18702 18736 18753 18760 18771 18775 18783 18795 18800
		18824 18826 18829 18856 18875 18900 18921 18941 18997 19001 19009 19011 19060 19072 19076 19100
		19109 19112 19127 19141 19145 19148 19152 19158 19159 19190 19212 19227 19234 19240 19254 19291
		19304 19340 19387 19392 19397 19408 19412 19429 19455 19456 19458 19462 19471 19475 19476 19490
		19499 19517 19550 19561 19566 19568 19577 19587 19592 19594 19605 19625 19627 19632 19649 19675
		19678 19679 19685 19706 19747 19751 19770 19789 19790 19835 19845 19853 19862 19863 19865 19867
		19871 19873 19936 19938 19941 19953 19997 20002 20033 20066 20075 20102 20119 20163 20167 20171
		20175 20190 20247 20288 20298 20322 20328 20381 20441 20450 20460 20464 20466 20507 20508 20509
		20519 20520 20521 20529 20532 20533 20569 20575 20577 20590 20594 20600 20614 20622 20652 20653
		20679 20691 20696 20745 20759 20768 20771 20811 20819 20829 20854 20882 20887 20896 20905 20911
		20927 20928 20943 20974 20995 21008 21012 21045 21070 21080 21119 21132 21141 21146 21148 21155
		21162 21172 21202 21206 21210 21211 21214 21217 21227 21233 21256 21259 21281 21300 21325 21347
		21379 21384 21396 21416 21420 21446 21455 21456 21458 21478 21542 21596 21606 21608 21618 21628
		21647 21648 21661 21664 21675 21679 21681 21684 21692 21699 21701 21706 21709 21752 21757 21764
		21785 21825 21886 21887 21905 21914 21930 21944 21956 21962 21963 21973 21980 21995 21996 22002
		22004 22027 22034 22036 22042 22045 22051 22065 22100 22108 22111 22128 22136 22142 22149 22153
		22154 22174 22185 22223 22237 22249 22288 22297 22298 22320 22331 22359 22369 22385 22389 22401
		22430 22433 22477 22478 22479 22572 22586 22590 22596 22615 22629 22658 22697 22702 22712 22715
		22728 22771 22783 22784 22787 22788 22791 22840 22876 22891 22895 22902 22913 22973 22983 23003
		23055 23058 23062 23069 23072 23098 23104 23107 23111 23133 23158 23163 23177 23187 23192 23209
		23216 23236 23241 23242 23292 23300 23315 23318 23326 23337 23345 23346 23365 23370 23391 23398
		23519 23532 23548 23549 23583 23614 23620 23630 23641 23663 23670 23689 23694 23699 23751 23759
		23770 23775 23776 23778 23821 23840 23842 23860 23862 23874 23881 23886 23888 23916 23920 23924
		23927 23945 23957 24006 24013 24014 24020 24033 24051 24055 24079 24089 24110 24112 24114 24124
		24137 24156 24170 24175 24201 24228 24237 24247 24287 24290 24310 24351 24353 24385 24413 24417
		24427 24433 24435 24463 24475 24479 24497 24510 24514 24553 24568 24583 24587 24602 24667 24670
		24675 24682 24702 24722 24728 24778 24805 24831 24852 24896 24926 24966 24967 24973 24985 24988
		24998 25008 25011 25015 25024 25028 25048 25051 25066 25068 25085 25104 25135 25153 25161 25166
		25169 25173 25181 25195 25223 25247 25249 25250 25259 25260 25261 25263 25266 25272 25277 25280
		25284 25299 25300 25324 25336 25338 25340 25372 25387 25428 25431 25433 25435 25439 25442 25443
		25455 25472 25498 25501 25515 25522 25527 25543 25570 25593 25604 25617 25673 25700 25704 25726
		25729 25744 25752 25754 25759 25766 25779 25791 25802 25804 25808 25824 25826 25828 25839 25881
		25885 25894 25911 25929 25962 25966 25980 25982 25986 25992 25993 25994 26025 26031 26032 26040
		26077 26086 26130 26150 26170 26171 26196 26219 26240 26243 26246 26255 26281 26285 26303 26323
		26327 26342 26349 26352 26361 26364 26373 26377 26389 26398 26411 26420
	}
}

graphical_mediterranean = {
	graphical = yes
# color = { 0 0 255 }
	color = { 255 0 0 }
	regions = {
# EE TempLoV Compatch:
		world_essos_volantis
		world_stepstones
		world_essos_pentos
		world_essos_lys
		world_essos_tyrosh
		world_essos_disputed_lands
		world_essos_myr
		world_westeros_the_westerlands_south
		world_westeros_the_westerlands_coast
		world_westeros_the_westerlands_central
		world_westeros_the_reach
		world_westeros_the_crownlands_reachman
		world_westeros_the_crownlands_riverlander
		world_westeros_the_crownlands_stormlander
		world_westeros_the_crownlands_valyrian_central_islands
		world_westeros_the_riverlands_south
		world_westeros_the_stormlands
		world_westeros_dorne_stone
		world_essos_rhoyne
		world_essos_qohor_south
	}
	provinces = {
		12213 12738 13213 13587 13727 15115 16163 17611 17843 18330 18551 18746 18809 19033 19065 19278
		19379 19664 19872 19885 20184 20207 21112 21538 21851 21981 22030 22243 22334 22741 23102 23160
		23479 23535 23894 24939 25380 25440 25585 25655 26098 26384
	}
}

graphical_mena = {
	graphical = yes
	color = { 255 255 0 }
	regions = {
		world_essos_slavers_bay
		world_westeros_dorne_rhoynish
	}
	duchies = {
		d_R104G144B83
		d_R107G39B102
		d_R132G234B228
		d_R138G113B254
		d_R139G230B165
		d_R152G107B185
		d_R154G148B140
		d_R154G226B97
		d_R15G243B61
		d_R161G200B9
		d_R162G253B150
		d_R168G53B18
		d_R187G116B155
		d_R195G123B114
		d_R196G175B150
		d_R201G149B127
		d_R237G121B181
		d_R251G71B132
		d_R48G116B227
		d_R56G50B236
		d_R58G69B30
		d_R60G1B218
		d_R66G158B239
		d_R67G9B102
		d_R73G133B15
		d_R73G169B117
		d_R78G20B134
		d_R88G13B155
		d_R90G57B150
		d_R95G51B86
		d_R104G214B80
		d_R110G255B130
		d_R111G255B221
		d_R113G164B41
		d_R116G59B108
		d_R11G59B233
		d_R122G12B245
		d_R12G187B142
		d_R138G214B148
		d_R140G37B103
		d_R153G254B88
		d_R165G143B36
		d_R167G35B69
		d_R173G29B222
		d_R192G69B2
		d_R193G200B79
		d_R1G6B11
		d_R225G47B160
		d_R231G23B54
		d_R238G196B139
		d_R241G81B107
		d_R24G232B25
		d_R3G153B214
		d_R98G157B224
		d_R98G99B89
		d_eetlv_wild_01
		d_eetlv_wild_02
		d_eetlv_wild_03
		d_eetlv_wild_04
		d_eetlv_wild_05
		d_eetlv_wild_06
		d_eetlv_wild_07
		d_eetlv_wild_08
		d_eetlv_wild_09
		d_eetlv_wild_10
		d_eetlv_wild_11
		d_eetlv_wild_12
	}
}

graphical_siberia = {
	graphical = yes
# color = { 0 0 255 }
	color = { 250 250 250 }
	regions = {
		world_westeros_beyond_the_wall
		world_westeros_the_wall
	}
	duchies = {
		d_skagos
		d_deepdown
		d_driftwood_hall
	}
	provinces = {
		12132 12149 12151 12162 12179 12183 12192 12233 12236 12239 12259 12275 12280 12283 12291 12292
		12297 12305 12354 12357 12382 12387 12419 12434 12448 12457 12498 12500 12501 12505 12511 12514
		12520 12524 12529 12534 12546 12547 12571 12585 12596 12600 12602 12624 12635 12640 12652 12658
		12681 12683 12684 12710 12728 12772 12786 12790 12792 12794 12797 12810 12815 12816 12832 12858
		12859 12860 12876 12892 12897 12911 12912 12923 12939 12940 12942 12959 12992 12994 13000 13001
		13012 13015 13045 13064 13065 13066 13076 13079 13098 13099 13107 13120 13146 13150 13197 13207
		13208 13209 13217 13227 13239 13240 13245 13248 13259 13297 13307 13311 13318 13331 13359 13377
		13384 13395 13396 13417 13432 13434 13475 13480 13500 13503 13516 13520 13531 13535 13539 13547
		13594 13637 13680 13682 13685 13706 13750 13757 13771 13780 13791 13797 13802 13803 13808 13814
		13824 13834 13844 13845 13846 13858 13860 13873 13912 13917 13924 13933 13945 13954 13962 13964
		13970 13971 13979 13986 13987 14012 14019 14027 14030 14036 14037 14041 14080 14111 14112 14120
		14123 14132 14158 14161 14184 14196 14199 14219 14246 14258 14261 14264 14271 14277 14293 14295
		14319 14329 14337 14346 14361 14407 14422 14448 14450 14468 14489 14509 14518 14525 14544 14549
		14571 14576 14607 14608 14621 14653 14681 14694 14716 14737 14746 14748 14749 14761 14763 14768
		14771 14784 14788 14794 14799 14820 14835 14839 14844 14856 14858 14869 14883 14897 14902 14903
		14926 14927 14930 14938 14948 14987 15000 15004 15009 15010 15016 15019 15076 15085 15089 15093
		15116 15144 15160 15173 15176 15180 15199 15201 15202 15205 15212 15216 15239 15276 15286 15333
		15338 15359 15360 15363 15369 15377 15383 15390 15403 15404 15405 15406 15416 15451 15453 15456
		15466 15479 15486 15491 15500 15517 15520 15534 15541 15553 15567 15578 15580 15591 15647 15658
		15669 15682 15688 15689 15723 15735 15747 15772 15776 15798 15810 15824 15829 15882 15889 15900
		15903 15919 15924 15945 15956 15958 15979 15990 15993 15999 16022 16028 16029 16035 16038 16044
		16048 16049 16054 16077 16082 16087 16102 16112 16113 16119 16126 16135 16137 16152 16155 16158
		16173 16189 16197 16199 16222 16239 16265 16268 16273 16274 16283 16296 16302 16321 16370 16374
		16382 16394 16408 16410 16436 16439 16477 16485 16532 16540 16556 16563 16564 16565 16566 16594
		16605 16613 16614 16628 16631 16637 16640 16644 16656 16657 16661 16668 16712 16726 16733 16743
		16745 16749 16759 16776 16781 16798 16812 16837 16845 16846 16847 16861 16897 16911 16922 16928
		16931 16942 16946 16954 16959 16971 16972 16985 17033 17041 17044 17049 17055 17062 17070 17071
		17084 17097 17127 17145 17154 17165 17178 17207 17264 17279 17298 17302 17312 17316 17339 17346
		17355 17364 17381 17385 17403 17412 17416 17430 17440 17441 17456 17471 17525 17538 17548 17553
		17572 17573 17579 17597 17598 17615 17628 17633 17639 17693 17702 17707 17709 17724 17740 17749
		17765 17771 17794 17798 17801 17809 17830 17857 17864 17879 17881 17888 17890 17893 17918 17934
		17945 17957 17976 17987 17988 18000 18016 18020 18021 18064 18069 18080 18081 18130 18131 18156
		18160 18162 18167 18178 18187 18190 18202 18214 18218 18224 18229 18234 18258 18261 18304 18315
		18360 18361 18372 18390 18392 18410 18421 18436 18441 18446 18460 18463 18484 18501 18510 18537
		18548 18553 18573 18579 18598 18601 18602 18616 18650 18651 18672 18678 18679 18683 18693 18694
		18715 18730 18735 18739 18743 18752 18769 18811 18820 18823 18836 18861 18867 18878 18888 18895
		18911 18937 18950 18954 18961 18968 18970 18979 18985 18990 18999 19005 19028 19038 19049 19057
		19083 19091 19096 19102 19114 19116 19121 19125 19134 19137 19142 19143 19154 19172 19174 19179
		19180 19187 19192 19210 19217 19229 19232 19235 19243 19259 19266 19272 19274 19286 19289 19294
		19310 19313 19321 19332 19334 19337 19353 19367 19368 19389 19396 19415 19428 19439 19467 19487
		19518 19526 19536 19540 19554 19562 19573 19575 19582 19598 19609 19620 19631 19640 19643 19668
		19681 19698 19715 19716 19720 19739 19768 19783 19798 19802 19805 19808 19811 19817 19819 19824
		19828 19837 19850 19866 19891 19896 19909 19912 19921 19931 19946 19971 19976 19982 19989 20003
		20007 20010 20014 20016 20017 20046 20057 20076 20084 20103 20146 20156 20158 20166 20185 20193
		20197 20201 20205 20217 20252 20274 20282 20289 20297 20299 20313 20340 20347 20360 20361 20362
		20372 20386 20395 20404 20407 20420 20421 20430 20439 20467 20470 20472 20475 20476 20478 20489
		20492 20495 20503 20514 20522 20528 20544 20546 20571 20579 20582 20586 20593 20615 20627 20634
		20638 20646 20686 20692 20720 20722 20740 20743 20752 20755 20760 20769 20774 20785 20789 20803
		20806 20817 20825 20832 20835 20846 20851 20872 20890 20899 20917 20921 20942 20990 21016 21018
		21026 21046 21063 21074 21091 21103 21116 21135 21159 21161 21177 21179 21181 21182 21193 21203
		21207 21216 21225 21226 21251 21255 21260 21262 21267 21273 21276 21277 21294 21303 21304 21305
		21314 21318 21323 21338 21348 21357 21359 21361 21362 21367 21374 21376 21391 21398 21437 21445
		21449 21467 21481 21484 21494 21498 21509 21515 21518 21525 21534 21545 21547 21577 21579 21601
		21632 21634 21639 21671 21673 21678 21695 21705 21719 21720 21745 21747 21748 21762 21778 21781
		21790 21802 21809 21810 21821 21836 21840 21844 21856 21866 21897 21900 21904 21912 21920 21934
		21936 21939 21958 21976 21984 21986 22025 22037 22053 22062 22076 22082 22092 22096 22099 22104
		22123 22144 22148 22155 22168 22184 22189 22207 22221 22238 22241 22265 22286 22289 22321 22324
		22364 22365 22378 22390 22406 22412 22417 22418 22425 22452 22453 22459 22467 22481 22486 22487
		22490 22503 22522 22537 22544 22553 22558 22570 22579 22588 22592 22610 22612 22620 22652 22654
		22662 22663 22675 22683 22694 22711 22720 22723 22730 22731 22742 22743 22748 22751 22804 22808
		22825 22826 22831 22857 22862 22870 22871 22874 22890 22906 22908 22956 22958 22963 22982 22989
		22992 23014 23018 23021 23032 23043 23045 23057 23101 23119 23132 23139 23147 23148 23180 23191
		23206 23231 23245 23256 23259 23266 23272 23279 23282 23299 23324 23341 23358 23364 23369 23374
		23394 23408 23417 23429 23437 23438 23463 23490 23511 23525 23551 23556 23559 23563 23579 23585
		23623 23626 23629 23638 23644 23683 23685 23696 23729 23750 23760 23773 23788 23796 23799 23803
		23848 23850 23865 23871 23872 23901 23926 23931 23953 23969 23970 23977 23996 24010 24022 24024
		24030 24050 24053 24059 24069 24088 24098 24120 24130 24150 24159 24165 24167 24181 24208 24209
		24210 24214 24221 24224 24264 24278 24299 24309 24317 24336 24361 24374 24377 24382 24392 24399
		24436 24461 24467 24491 24495 24503 24512 24522 24524 24527 24534 24535 24538 24563 24569 24572
		24574 24586 24608 24616 24617 24649 24679 24688 24690 24692 24693 24696 24703 24714 24717 24719
		24725 24784 24796 24799 24850 24854 24900 24910 24944 24953 24954 24955 24957 24969 24974 25000
		25001 25013 25020 25027 25043 25047 25069 25076 25079 25080 25086 25103 25106 25108 25112 25113
		25136 25142 25193 25198 25218 25233 25238 25239 25252 25265 25267 25305 25307 25326 25355 25364
		25377 25378 25399 25419 25438 25444 25468 25476 25480 25516 25553 25588 25631 25647 25656 25657
		25664 25669 25672 25687 25697 25710 25716 25758 25760 25775 25806 25810 25813 25814 25863 25876
		25879 25882 25890 25899 25903 25930 25939 25943 25944 25952 25963 25965 25967 25984 25991 26007
		26014 26024 26037 26063 26072 26083 26107 26112 26121 26129 26155 26156 26158 26164 26181 26182
		26188 26191 26199 26202 26209 26241 26260 26270 26277 26297 26305 26309 26319 26325 26365 26370
		26378 26393 26417
	}
}

graphical_sothoryos = {
	graphical = yes
    color = { 61 248 50 }
    regions = {
		world_sothoryos
	}
	provinces = {
		12212 12226 12245 12270 12290 12363 12409 12416 12470 12518 12551 12552 12566 12580 12593 12601
		12638 12654 12660 12729 12732 12745 12747 12806 12829 12840 12842 12901 12963 12975 13033 13141
		13161 13233 13301 13315 13363 13400 13446 13458 13460 13488 13499 13524 13555 13568 13618 13659
		13676 13690 13715 13743 13746 13781 13812 13832 13840 13880 13905 13914 13927 13937 13972 13975
		13994 14003 14057 14186 14225 14262 14281 14288 14296 14303 14355 14367 14379 14380 14385 14388
		14417 14436 14498 14500 14511 14526 14543 14574 14657 14658 14700 14706 14710 14766 14775 14777
		14790 14815 14865 14868 14884 14899 14908 14931 14932 14993 15015 15028 15033 15034 15053 15084
		15099 15103 15149 15184 15189 15256 15266 15337 15365 15366 15399 15425 15426 15427 15439 15494
		15498 15529 15620 15623 15625 15637 15667 15721 15730 15750 15758 15804 15809 15850 15985 16016
		16020 16030 16034 16043 16056 16064 16088 16092 16104 16115 16221 16226 16248 16320 16332 16335
		16381 16404 16414 16441 16445 16452 16596 16608 16618 16621 16694 16697 16703 16872 16896 16905
		16975 17013 17021 17050 17060 17096 17142 17152 17181 17244 17252 17254 17301 17323 17330 17429
		17444 17450 17484 17523 17586 17653 17667 17681 17703 17721 17816 17840 17885 17899 17928 17943
		17944 17966 17973 17989 18015 18093 18108 18151 18172 18201 18239 18325 18347 18351 18363 18417
		18425 18428 18456 18461 18470 18489 18539 18557 18619 18633 18677 18750 18780 18790 18808 18816
		18834 18862 18874 18880 18899 18903 18917 18934 18998 19008 19037 19050 19058 19094 19098 19115
		19131 19182 19247 19297 19393 19451 19453 19492 19510 19524 19532 19586 19599 19712 19723 19763
		19764 19771 19788 19883 19890 19958 19966 19987 19988 20039 20079 20105 20106 20133 20136 20143
		20208 20234 20244 20257 20258 20330 20354 20373 20414 20448 20471 20543 20561 20616 20629 20637
		20662 20671 20697 20704 20719 20734 20784 20908 20925 20950 20986 20987 20999 21043 21048 21049
		21053 21057 21060 21110 21166 21278 21285 21289 21322 21388 21461 21468 21528 21531 21546 21566
		21594 21605 21609 21650 21688 21696 21710 21721 21769 21774 21804 21812 21814 21857 21885 21910
		21913 21947 21968 21993 22088 22097 22098 22156 22205 22208 22236 22272 22273 22309 22311 22360
		22454 22505 22538 22589 22594 22614 22642 22672 22680 22781 22792 22799 22820 22838 22879 22914
		22926 22927 22943 22998 23026 23039 23153 23166 23167 23171 23199 23203 23211 23220 23227 23269
		23283 23298 23333 23386 23392 23419 23440 23442 23458 23501 23545 23560 23575 23594 23598 23651
		23657 23666 23671 23691 23724 23727 23753 23792 23809 23903 23909 23911 23940 23962 24000 24004
		24009 24043 24058 24067 24072 24074 24118 24131 24142 24155 24166 24178 24190 24216 24263 24321
		24337 24341 24352 24384 24389 24410 24465 24551 24571 24575 24676 24678 24706 24709 24742 24756
		24864 24888 24898 24901 24921 24976 24997 24999 25023 25060 25109 25140 25182 25246 25292 25310
		25383 25406 25427 25523 25563 25573 25630 25654 25705 25721 25763 25832 25891 25942 25946 25988
		25999 26011 26012 26042 26085 26087 26095 26157 26168 26184 26251 26345 26348 26387
	}
}

graphical_steppe = {
	graphical = yes
	color = { 0 255 255 }
	provinces = {
		7291 7292 12114 12118 12119 12122 12128 12131 12134 12145 12157 12159 12161 12165 12170 12171
		12172 12173 12180 12181 12190 12195 12197 12198 12200 12201 12209 12210 12211 12217 12218 12219
		12220 12229 12232 12234 12237 12243 12248 12249 12251 12252 12253 12261 12262 12263 12265 12267
		12271 12272 12273 12277 12278 12279 12282 12286 12289 12293 12295 12301 12302 12307 12311 12317
		12320 12325 12329 12332 12334 12338 12344 12345 12346 12347 12348 12350 12358 12359 12366 12371
		12372 12376 12378 12380 12386 12388 12389 12390 12391 12395 12396 12398 12399 12401 12406 12408
		12417 12418 12420 12422 12423 12424 12425 12427 12431 12432 12437 12438 12441 12445 12446 12447
		12449 12451 12452 12453 12456 12462 12471 12472 12473 12477 12479 12482 12484 12494 12495 12496
		12502 12509 12510 12516 12523 12526 12527 12532 12535 12539 12541 12544 12545 12554 12559 12562
		12564 12568 12569 12573 12575 12586 12588 12597 12603 12605 12606 12608 12609 12611 12612 12613
		12616 12618 12620 12631 12632 12637 12641 12642 12650 12653 12659 12662 12664 12665 12669 12671
		12673 12678 12680 12689 12697 12702 12703 12709 12715 12716 12717 12718 12722 12723 12725 12727
		12734 12737 12740 12750 12751 12753 12754 12760 12764 12768 12769 12770 12771 12773 12774 12776
		12777 12778 12779 12782 12788 12801 12802 12803 12807 12822 12823 12824 12826 12827 12830 12833
		12835 12836 12837 12838 12843 12846 12853 12857 12862 12864 12865 12866 12867 12875 12877 12880
		12883 12886 12887 12889 12924 12926 12933 12934 12943 12948 12951 12954 12956 12958 12962 12968
		12969 12970 12971 12973 12974 12977 12982 12996 12998 13003 13013 13014 13018 13023 13036 13037
		13038 13042 13046 13049 13050 13052 13053 13055 13059 13061 13062 13067 13068 13069 13070 13073
		13078 13086 13087 13088 13089 13095 13103 13108 13114 13117 13118 13119 13121 13123 13124 13126
		13130 13132 13139 13142 13147 13149 13151 13156 13162 13163 13164 13165 13167 13168 13171 13173
		13177 13181 13182 13183 13186 13188 13189 13193 13194 13200 13203 13204 13206 13210 13212 13218
		13219 13220 13221 13224 13231 13241 13242 13252 13254 13260 13261 13264 13266 13268 13270 13272
		13274 13276 13278 13280 13281 13284 13286 13294 13295 13303 13304 13305 13306 13312 13314 13320
		13321 13325 13334 13335 13337 13338 13341 13343 13344 13345 13350 13357 13364 13365 13375 13380
		13381 13382 13385 13386 13388 13389 13392 13393 13398 13403 13405 13407 13408 13412 13413 13422
		13423 13425 13426 13429 13430 13433 13440 13442 13448 13450 13454 13461 13463 13470 13471 13477
		13479 13481 13482 13487 13490 13497 13504 13513 13515 13525 13526 13527 13528 13529 13534 13540
		13543 13549 13550 13552 13554 13556 13557 13560 13561 13562 13564 13567 13574 13581 13588 13590
		13592 13601 13602 13607 13608 13612 13613 13623 13626 13627 13629 13630 13631 13640 13641 13642
		13643 13647 13649 13651 13658 13661 13662 13666 13668 13669 13674 13675 13677 13689 13691 13693
		13703 13709 13711 13723 13726 13728 13731 13732 13734 13736 13737 13738 13739 13740 13741 13748
		13754 13755 13758 13759 13760 13763 13764 13765 13773 13774 13785 13788 13793 13800 13811 13829
		13831 13836 13843 13849 13850 13852 13853 13859 13863 13868 13870 13871 13874 13882 13889 13891
		13897 13899 13906 13911 13919 13920 13925 13930 13931 13932 13934 13944 13947 13957 13959 13963
		13973 13980 13981 13989 13996 13997 14010 14011 14013 14014 14015 14016 14017 14022 14024 14025
		14028 14031 14032 14039 14044 14047 14049 14054 14056 14061 14062 14065 14068 14069 14070 14079
		14083 14085 14088 14094 14095 14096 14098 14099 14101 14104 14105 14107 14109 14113 14114 14122
		14126 14128 14130 14131 14134 14136 14141 14143 14145 14152 14154 14156 14157 14166 14170 14171
		14172 14173 14179 14180 14181 14182 14183 14187 14188 14190 14197 14198 14202 14204 14206 14207
		14209 14213 14220 14221 14222 14223 14224 14226 14232 14235 14240 14241 14242 14244 14253 14259
		14266 14269 14272 14278 14279 14280 14282 14286 14297 14299 14300 14302 14309 14310 14315 14316
		14320 14322 14326 14334 14344 14347 14353 14354 14358 14360 14376 14377 14381 14384 14389 14393
		14394 14395 14401 14403 14409 14410 14411 14412 14413 14416 14419 14424 14433 14435 14438 14439
		14440 14447 14452 14456 14457 14459 14460 14461 14463 14464 14466 14472 14474 14477 14478 14479
		14483 14485 14486 14493 14494 14495 14497 14499 14503 14504 14505 14517 14519 14521 14524 14527
		14529 14530 14532 14536 14538 14541 14542 14546 14555 14559 14562 14563 14567 14569 14570 14577
		14583 14584 14585 14595 14597 14598 14602 14605 14606 14611 14614 14618 14619 14620 14622 14624
		14625 14627 14632 14636 14637 14639 14640 14649 14659 14664 14667 14675 14677 14679 14682 14685
		14689 14692 14693 14695 14698 14699 14704 14709 14714 14715 14720 14723 14726 14729 14733 14734
		14736 14738 14739 14744 14750 14751 14754 14755 14759 14765 14767 14770 14773 14774 14776 14778
		14786 14791 14795 14800 14801 14804 14805 14806 14808 14809 14812 14814 14816 14821 14823 14831
		14832 14834 14842 14846 14852 14854 14863 14866 14867 14870 14875 14885 14887 14890 14894 14905
		14906 14914 14917 14919 14922 14933 14934 14944 14945 14961 14968 14969 14973 14980 14982 14984
		14988 14991 14994 14995 14997 14998 15001 15006 15007 15008 15021 15023 15026 15029 15031 15035
		15037 15038 15039 15041 15042 15045 15046 15047 15048 15055 15059 15060 15062 15073 15080 15086
		15087 15090 15091 15092 15095 15096 15101 15102 15104 15108 15109 15111 15113 15118 15124 15128
		15129 15130 15135 15136 15138 15141 15142 15148 15151 15157 15162 15165 15167 15172 15174 15175
		15177 15183 15186 15192 15193 15194 15197 15200 15204 15208 15210 15211 15214 15217 15220 15224
		15227 15230 15231 15235 15247 15248 15252 15257 15259 15261 15262 15265 15271 15274 15275 15282
		15287 15288 15291 15295 15300 15302 15304 15309 15314 15315 15319 15320 15321 15322 15329 15334
		15335 15340 15343 15354 15358 15362 15370 15371 15373 15376 15384 15392 15393 15397 15400 15402
		15407 15408 15411 15415 15417 15422 15424 15429 15430 15432 15435 15436 15437 15438 15440 15444
		15445 15446 15452 15454 15467 15469 15471 15472 15476 15477 15480 15485 15492 15496 15501 15507
		15513 15516 15524 15526 15528 15533 15535 15539 15542 15544 15545 15552 15558 15561 15562 15564
		15565 15570 15571 15573 15574 15575 15576 15577 15582 15583 15586 15590 15592 15593 15595 15596
		15597 15603 15604 15614 15615 15619 15624 15628 15629 15632 15640 15641 15644 15645 15646 15652
		15654 15655 15657 15660 15661 15666 15672 15673 15676 15680 15690 15695 15696 15697 15700 15705
		15707 15708 15710 15711 15713 15716 15717 15722 15724 15729 15738 15739 15742 15743 15749 15753
		15754 15756 15760 15762 15774 15779 15782 15783 15789 15791 15794 15795 15802 15806 15811 15816
		15817 15818 15819 15821 15823 15832 15833 15836 15844 15846 15847 15849 15852 15853 15854 15855
		15856 15860 15863 15867 15869 15878 15881 15883 15884 15888 15895 15897 15902 15905 15906 15910
		15913 15915 15923 15928 15932 15933 15936 15938 15940 15941 15949 15950 15952 15953 15965 15966
		15972 15975 15982 15986 15987 15991 15992 15997 15998 16000 16002 16008 16010 16012 16013 16017
		16018 16037 16041 16042 16047 16052 16053 16058 16068 16076 16078 16079 16084 16094 16096 16098
		16099 16100 16101 16107 16108 16109 16110 16111 16117 16125 16130 16132 16136 16138 16142 16145
		16146 16153 16154 16157 16164 16182 16185 16186 16187 16188 16190 16191 16195 16200 16201 16202
		16205 16218 16223 16231 16232 16234 16238 16250 16251 16254 16258 16259 16261 16266 16267 16281
		16284 16285 16287 16290 16297 16303 16304 16308 16312 16313 16316 16318 16322 16325 16330 16331
		16338 16339 16340 16342 16343 16344 16347 16348 16349 16352 16353 16354 16355 16359 16362 16366
		16367 16376 16380 16384 16392 16393 16401 16406 16409 16413 16416 16418 16424 16437 16438 16443
		16447 16449 16450 16451 16457 16458 16466 16469 16470 16473 16479 16481 16482 16486 16487 16489
		16491 16493 16495 16498 16499 16500 16502 16504 16508 16509 16512 16514 16516 16518 16521 16523
		16525 16530 16531 16533 16536 16538 16543 16544 16547 16548 16551 16552 16553 16559 16560 16567
		16568 16575 16576 16577 16578 16581 16588 16591 16593 16598 16602 16610 16617 16619 16620 16629
		16634 16635 16641 16643 16645 16646 16649 16653 16655 16658 16659 16663 16664 16667 16676 16682
		16686 16687 16693 16698 16700 16704 16705 16706 16710 16711 16713 16717 16719 16723 16724 16728
		16740 16741 16746 16752 16754 16760 16761 16762 16763 16765 16768 16769 16772 16778 16782 16785
		16791 16797 16799 16800 16807 16808 16810 16811 16815 16816 16819 16821 16824 16825 16830 16834
		16836 16843 16848 16849 16852 16853 16854 16856 16857 16859 16863 16866 16868 16873 16874 16877
		16878 16882 16883 16884 16886 16888 16889 16891 16899 16903 16904 16906 16907 16910 16913 16915
		16921 16925 16927 16934 16935 16941 16944 16947 16948 16949 16967 16968 16979 16981 16982 16986
		16988 16989 16990 16992 16993 16995 16997 17001 17002 17012 17015 17019 17020 17024 17025 17026
		17028 17029 17030 17031 17035 17040 17046 17047 17056 17057 17058 17064 17066 17068 17074 17076
		17078 17081 17085 17090 17094 17095 17099 17101 17109 17114 17115 17116 17128 17132 17133 17136
		17140 17141 17143 17146 17149 17155 17157 17158 17159 17160 17162 17163 17171 17172 17174 17175
		17177 17179 17180 17187 17189 17190 17191 17194 17196 17198 17200 17205 17208 17210 17211 17218
		17219 17224 17225 17226 17236 17237 17238 17239 17241 17242 17243 17245 17249 17250 17253 17259
		17261 17263 17265 17266 17268 17270 17274 17276 17281 17288 17289 17292 17299 17304 17306 17307
		17309 17320 17327 17331 17332 17334 17337 17338 17340 17341 17345 17347 17348 17358 17361 17366
		17367 17377 17378 17379 17382 17383 17384 17388 17397 17400 17402 17406 17407 17413 17417 17434
		17436 17442 17446 17448 17449 17451 17452 17453 17454 17463 17466 17476 17477 17479 17480 17481
		17488 17489 17491 17492 17496 17499 17505 17508 17510 17515 17524 17527 17528 17530 17533 17534
		17536 17543 17544 17546 17549 17551 17556 17557 17561 17563 17564 17565 17574 17575 17576 17577
		17582 17584 17588 17591 17593 17596 17599 17601 17603 17614 17621 17622 17625 17626 17627 17630
		17635 17641 17643 17645 17652 17661 17662 17671 17672 17674 17675 17676 17685 17687 17688 17694
		17695 17696 17697 17706 17712 17713 17716 17718 17723 17725 17728 17734 17735 17736 17745 17750
		17752 17754 17757 17759 17763 17767 17769 17774 17776 17778 17781 17782 17789 17790 17791 17792
		17797 17799 17800 17804 17808 17813 17814 17815 17817 17820 17822 17828 17835 17839 17851 17852
		17853 17854 17855 17860 17865 17868 17870 17872 17873 17877 17882 17884 17886 17892 17901 17902
		17904 17917 17922 17930 17931 17946 17948 17952 17953 17955 17956 17958 17965 17968 17969 17977
		17979 17981 17985 17994 18002 18005 18012 18013 18014 18017 18019 18025 18027 18029 18033 18034
		18036 18040 18045 18046 18047 18048 18055 18059 18060 18068 18076 18083 18084 18086 18089 18090
		18096 18099 18101 18102 18103 18104 18106 18107 18110 18111 18120 18121 18122 18123 18126 18127
		18134 18137 18138 18140 18143 18144 18145 18146 18147 18157 18158 18159 18163 18164 18168 18169
		18171 18173 18177 18179 18180 18181 18184 18186 18198 18199 18200 18203 18207 18220 18221 18223
		18225 18226 18227 18228 18230 18235 18236 18240 18243 18244 18246 18251 18253 18254 18257 18263
		18266 18269 18270 18272 18273 18275 18279 18280 18282 18291 18301 18313 18314 18316 18320 18322
		18323 18324 18327 18329 18331 18335 18337 18341 18344 18346 18348 18349 18350 18352 18356 18368
		18376 18378 18389 18393 18396 18402 18409 18412 18414 18418 18422 18427 18432 18437 18439 18444
		18445 18448 18451 18465 18468 18477 18481 18486 18487 18490 18491 18499 18500 18505 18511 18514
		18515 18516 18518 18521 18522 18526 18528 18532 18533 18534 18538 18542 18543 18552 18561 18562
		18565 18568 18570 18572 18575 18583 18584 18604 18610 18611 18614 18617 18629 18630 18631 18632
		18634 18635 18638 18648 18649 18652 18653 18654 18655 18657 18659 18662 18665 18666 18674 18675
		18681 18684 18685 18686 18688 18690 18695 18698 18700 18701 18703 18707 18708 18709 18711 18712
		18713 18714 18719 18722 18725 18726 18731 18733 18737 18738 18747 18756 18757 18759 18761 18763
		18765 18766 18767 18770 18772 18773 18776 18778 18779 18786 18789 18797 18798 18799 18801 18806
		18810 18813 18814 18815 18818 18819 18827 18828 18830 18832 18837 18846 18848 18850 18855 18858
		18859 18864 18868 18869 18872 18877 18879 18882 18887 18891 18894 18896 18897 18902 18904 18906
		18908 18909 18912 18915 18916 18918 18919 18920 18926 18930 18939 18942 18945 18948 18951 18952
		18953 18955 18957 18959 18960 18962 18973 18974 18980 18981 18982 18984 18987 18989 18992 18994
		19002 19003 19007 19012 19017 19018 19021 19023 19026 19027 19032 19039 19042 19043 19047 19048
		19051 19053 19055 19059 19061 19063 19064 19066 19069 19070 19075 19078 19079 19082 19084 19085
		19087 19088 19090 19095 19097 19099 19101 19104 19106 19108 19111 19113 19117 19118 19120 19122
		19123 19126 19128 19135 19139 19146 19150 19151 19157 19160 19161 19168 19175 19181 19183 19184
		19197 19198 19200 19203 19204 19205 19208 19211 19213 19214 19223 19224 19228 19239 19244 19245
		19251 19252 19255 19256 19258 19264 19265 19267 19269 19270 19271 19273 19276 19277 19282 19283
		19284 19285 19288 19292 19295 19300 19301 19303 19315 19324 19326 19331 19333 19342 19345 19346
		19350 19351 19352 19355 19356 19360 19362 19369 19373 19374 19380 19384 19385 19386 19388 19391
		19394 19395 19401 19403 19404 19406 19407 19409 19421 19422 19423 19425 19427 19430 19433 19437
		19441 19444 19445 19447 19448 19449 19454 19460 19465 19466 19468 19469 19477 19482 19486 19494
		19496 19498 19503 19504 19505 19508 19509 19511 19521 19522 19523 19531 19535 19538 19545 19546
		19557 19559 19560 19563 19564 19565 19567 19569 19570 19571 19578 19580 19581 19583 19589 19590
		19591 19593 19595 19601 19604 19610 19612 19613 19615 19616 19619 19626 19629 19630 19633 19635
		19636 19637 19638 19642 19644 19647 19648 19650 19651 19655 19659 19663 19665 19676 19677 19680
		19682 19688 19690 19692 19693 19696 19697 19699 19702 19704 19710 19714 19719 19721 19725 19726
		19731 19732 19733 19737 19738 19743 19744 19749 19750 19757 19759 19765 19767 19772 19773 19777
		19779 19782 19784 19786 19792 19794 19795 19796 19797 19800 19806 19807 19812 19813 19814 19816
		19818 19822 19823 19832 19836 19838 19839 19846 19848 19851 19852 19855 19860 19861 19868 19869
		19874 19882 19886 19887 19892 19894 19899 19903 19908 19910 19913 19914 19915 19917 19918 19924
		19925 19927 19932 19933 19935 19942 19943 19945 19951 19952 19957 19963 19964 19965 19968 19972
		19979 19980 19983 19986 19998 20000 20001 20004 20008 20022 20024 20027 20032 20035 20037 20042
		20044 20045 20050 20051 20053 20055 20056 20058 20059 20061 20062 20067 20071 20077 20080 20083
		20085 20086 20088 20089 20090 20096 20097 20098 20104 20107 20108 20115 20124 20126 20127 20129
		20135 20140 20150 20154 20155 20159 20164 20165 20168 20169 20172 20174 20177 20181 20182 20186
		20187 20196 20200 20203 20204 20209 20211 20212 20215 20218 20219 20220 20222 20225 20228 20231
		20232 20235 20236 20237 20240 20246 20250 20253 20261 20263 20265 20267 20268 20270 20271 20280
		20281 20285 20286 20287 20291 20302 20303 20305 20307 20311 20315 20319 20332 20333 20334 20335
		20341 20344 20346 20353 20359 20363 20364 20365 20367 20369 20371 20377 20379 20380 20389 20394
		20396 20398 20400 20402 20403 20405 20408 20409 20410 20412 20413 20424 20426 20427 20431 20434
		20436 20437 20451 20452 20458 20461 20462 20463 20469 20477 20482 20486 20487 20497 20499 20500
		20505 20511 20512 20516 20517 20518 20527 20530 20535 20539 20556 20559 20564 20565 20568 20573
		20578 20580 20581 20588 20589 20603 20604 20609 20612 20613 20619 20620 20623 20625 20628 20643
		20644 20647 20650 20651 20655 20658 20659 20661 20663 20666 20670 20672 20675 20678 20681 20687
		20688 20689 20693 20699 20700 20702 20705 20706 20710 20712 20717 20718 20721 20726 20727 20736
		20744 20749 20751 20756 20757 20761 20762 20763 20764 20765 20767 20772 20775 20776 20777 20780
		20783 20790 20791 20793 20795 20796 20797 20798 20800 20801 20802 20807 20808 20809 20813 20818
		20820 20826 20828 20830 20831 20834 20836 20838 20840 20843 20844 20847 20848 20849 20850 20855
		20856 20857 20859 20862 20863 20868 20878 20879 20881 20883 20885 20893 20895 20897 20898 20901
		20902 20903 20904 20907 20913 20914 20918 20920 20923 20926 20929 20936 20941 20946 20947 20954
		20959 20963 20967 20968 20971 20976 20979 20981 20984 20988 20994 20996 20997 20998 21000 21001
		21003 21004 21005 21006 21013 21014 21017 21021 21025 21029 21030 21034 21035 21036 21040 21042
		21051 21052 21064 21066 21068 21071 21077 21081 21083 21086 21087 21089 21090 21094 21096 21097
		21098 21102 21105 21106 21114 21120 21121 21125 21139 21142 21147 21149 21157 21160 21163 21169
		21174 21175 21187 21188 21189 21191 21194 21197 21200 21201 21204 21205 21212 21213 21215 21222
		21224 21236 21238 21246 21248 21254 21271 21274 21286 21287 21291 21296 21299 21306 21307 21309
		21310 21316 21319 21324 21326 21327 21328 21330 21333 21335 21337 21341 21342 21343 21344 21351
		21353 21358 21365 21370 21372 21375 21381 21386 21387 21393 21395 21397 21399 21400 21403 21405
		21406 21408 21409 21412 21413 21415 21417 21418 21419 21421 21422 21424 21428 21432 21439 21443
		21448 21450 21452 21454 21463 21471 21473 21474 21475 21476 21486 21493 21495 21508 21512 21514
		21516 21517 21520 21524 21527 21529 21530 21532 21533 21541 21543 21544 21549 21551 21552 21555
		21556 21557 21558 21559 21562 21564 21570 21573 21575 21576 21578 21584 21587 21588 21590 21595
		21597 21603 21607 21610 21614 21619 21620 21624 21633 21636 21640 21642 21644 21646 21651 21656
		21657 21663 21666 21668 21669 21676 21680 21683 21687 21690 21698 21702 21703 21714 21718 21725
		21726 21728 21730 21732 21733 21741 21749 21753 21755 21756 21759 21761 21763 21765 21767 21772
		21773 21775 21776 21787 21791 21794 21797 21798 21801 21803 21805 21806 21811 21813 21816 21827
		21828 21833 21834 21837 21838 21841 21849 21850 21852 21853 21854 21865 21868 21870 21873 21876
		21881 21891 21892 21893 21901 21903 21911 21918 21919 21922 21927 21928 21931 21932 21937 21940
		21941 21942 21945 21946 21948 21949 21950 21955 21957 21964 21967 21969 21970 21971 21972 21974
		21975 21983 21985 21991 21997 22001 22003 22013 22014 22017 22018 22021 22022 22029 22033 22035
		22046 22047 22057 22060 22061 22067 22068 22072 22073 22075 22078 22079 22080 22081 22090 22091
		22095 22103 22105 22107 22113 22116 22117 22120 22121 22124 22133 22137 22160 22161 22162 22164
		22165 22170 22171 22181 22182 22188 22197 22199 22201 22203 22211 22213 22214 22216 22217 22226
		22229 22240 22242 22244 22246 22250 22251 22253 22259 22260 22270 22271 22275 22276 22279 22282
		22284 22285 22291 22292 22293 22294 22299 22300 22302 22307 22310 22314 22315 22316 22327 22328
		22329 22330 22332 22333 22339 22341 22343 22348 22351 22353 22355 22363 22368 22374 22381 22391
		22392 22395 22397 22398 22400 22402 22405 22410 22411 22414 22420 22424 22427 22428 22429 22431
		22432 22438 22440 22441 22442 22443 22444 22448 22449 22451 22457 22460 22462 22463 22465 22466
		22468 22473 22475 22476 22480 22482 22483 22484 22493 22495 22498 22499 22506 22508 22513 22517
		22518 22523 22524 22525 22527 22528 22529 22530 22531 22533 22539 22542 22546 22547 22548 22549
		22560 22562 22564 22565 22566 22567 22568 22571 22573 22581 22582 22583 22584 22585 22591 22595
		22600 22604 22605 22607 22618 22621 22622 22624 22625 22627 22628 22630 22631 22632 22635 22639
		22640 22644 22647 22648 22665 22666 22668 22671 22673 22674 22676 22678 22679 22685 22687 22689
		22692 22693 22698 22700 22703 22708 22709 22714 22719 22721 22729 22733 22734 22736 22737 22749
		22752 22753 22755 22762 22765 22767 22770 22773 22775 22776 22777 22785 22789 22790 22794 22802
		22805 22806 22807 22809 22810 22813 22815 22822 22827 22832 22835 22839 22844 22847 22850 22852
		22853 22854 22855 22859 22861 22868 22869 22872 22875 22877 22878 22892 22898 22900 22901 22903
		22907 22909 22911 22912 22915 22918 22920 22924 22928 22931 22935 22936 22938 22940 22944 22945
		22947 22948 22949 22950 22951 22953 22954 22957 22959 22962 22965 22966 22967 22970 22974 22975
		22978 22981 22984 22985 22988 22990 22993 22994 22995 22996 23000 23005 23008 23009 23011 23012
		23017 23019 23028 23029 23034 23036 23047 23049 23053 23054 23056 23060 23061 23064 23065 23070
		23077 23078 23080 23081 23082 23083 23089 23092 23093 23096 23100 23106 23108 23116 23124 23128
		23129 23134 23138 23142 23143 23144 23151 23152 23154 23156 23159 23161 23162 23164 23165 23169
		23170 23175 23182 23184 23189 23190 23194 23197 23198 23200 23201 23202 23208 23212 23213 23215
		23217 23219 23221 23222 23224 23225 23229 23232 23233 23234 23237 23246 23248 23250 23254 23255
		23257 23263 23267 23271 23273 23277 23287 23288 23295 23296 23304 23308 23309 23312 23317 23320
		23321 23322 23325 23330 23334 23335 23338 23342 23348 23349 23351 23353 23357 23359 23361 23363
		23371 23376 23380 23382 23389 23404 23406 23413 23418 23433 23435 23444 23445 23447 23459 23461
		23464 23468 23469 23472 23473 23474 23478 23480 23482 23484 23485 23486 23487 23488 23492 23493
		23500 23502 23504 23505 23509 23517 23526 23528 23529 23533 23534 23538 23539 23542 23546 23552
		23554 23558 23569 23574 23580 23582 23586 23591 23596 23602 23605 23607 23610 23611 23612 23613
		23616 23622 23625 23627 23628 23633 23635 23637 23640 23645 23647 23648 23649 23653 23655 23656
		23658 23661 23668 23669 23672 23673 23674 23676 23679 23680 23682 23690 23697 23698 23705 23706
		23707 23710 23711 23712 23714 23715 23719 23726 23728 23736 23737 23738 23741 23743 23746 23748
		23752 23755 23761 23764 23765 23766 23768 23771 23772 23779 23782 23787 23795 23797 23800 23804
		23805 23810 23811 23813 23815 23818 23826 23831 23832 23838 23839 23844 23845 23847 23849 23851
		23852 23856 23866 23883 23884 23885 23887 23895 23898 23899 23902 23904 23907 23910 23912 23913
		23917 23919 23923 23925 23928 23930 23943 23951 23954 23955 23959 23964 23965 23966 23973 23974
		23976 23980 23983 23984 23985 23987 23990 23992 23999 24007 24016 24017 24018 24019 24021 24026
		24034 24036 24037 24039 24045 24046 24048 24049 24052 24062 24063 24066 24070 24071 24073 24075
		24078 24081 24085 24092 24093 24102 24103 24104 24108 24113 24117 24123 24132 24133 24134 24136
		24138 24143 24144 24145 24148 24149 24151 24153 24157 24161 24168 24171 24172 24173 24174 24176
		24182 24184 24185 24187 24189 24191 24195 24199 24204 24205 24212 24217 24222 24229 24238 24240
		24242 24249 24250 24251 24252 24268 24269 24270 24271 24274 24275 24279 24280 24289 24296 24297
		24303 24305 24311 24314 24318 24322 24323 24324 24325 24326 24327 24328 24330 24333 24334 24335
		24342 24343 24347 24349 24350 24354 24356 24359 24360 24364 24372 24381 24386 24387 24390 24393
		24394 24396 24400 24402 24403 24406 24408 24409 24411 24414 24415 24421 24422 24423 24424 24428
		24430 24432 24434 24441 24442 24445 24448 24450 24452 24454 24456 24464 24466 24469 24470 24471
		24472 24474 24476 24477 24478 24482 24486 24493 24500 24501 24504 24507 24513 24520 24523 24525
		24528 24531 24533 24543 24544 24545 24547 24549 24550 24557 24560 24561 24580 24582 24585 24589
		24590 24591 24592 24597 24600 24601 24605 24606 24607 24609 24611 24612 24613 24614 24619 24623
		24624 24625 24626 24627 24637 24638 24640 24642 24645 24648 24651 24652 24656 24658 24664 24672
		24673 24674 24680 24683 24689 24699 24700 24704 24705 24707 24708 24710 24712 24713 24718 24720
		24721 24727 24729 24732 24734 24737 24740 24741 24743 24745 24751 24753 24754 24765 24767 24768
		24770 24774 24775 24779 24783 24790 24791 24792 24793 24795 24797 24806 24809 24810 24811 24819
		24820 24824 24825 24826 24827 24830 24832 24835 24836 24839 24842 24847 24853 24857 24858 24863
		24865 24866 24870 24871 24873 24874 24875 24877 24878 24880 24882 24884 24894 24904 24905 24909
		24911 24914 24917 24918 24919 24925 24930 24932 24934 24935 24937 24940 24945 24946 24949 24951
		24959 24960 24970 24975 24984 24987 24993 24994 24995 25003 25004 25007 25010 25025 25030 25031
		25034 25035 25038 25042 25045 25049 25052 25053 25055 25059 25063 25071 25073 25074 25078 25082
		25084 25088 25093 25097 25098 25101 25102 25118 25119 25120 25124 25126 25129 25139 25141 25149
		25154 25157 25158 25167 25168 25171 25174 25177 25189 25190 25192 25194 25196 25197 25199 25206
		25209 25215 25222 25228 25229 25232 25235 25242 25243 25245 25248 25251 25253 25256 25257 25264
		25268 25270 25273 25283 25285 25287 25290 25291 25293 25294 25296 25297 25302 25306 25309 25311
		25312 25314 25319 25320 25330 25331 25334 25339 25341 25349 25357 25363 25365 25366 25367 25368
		25369 25370 25371 25373 25384 25388 25389 25390 25391 25396 25398 25401 25402 25409 25410 25413
		25414 25420 25421 25422 25424 25430 25434 25449 25453 25454 25456 25457 25459 25461 25462 25465
		25473 25478 25486 25487 25489 25497 25502 25504 25505 25508 25513 25514 25518 25519 25520 25526
		25528 25530 25531 25537 25540 25541 25545 25548 25550 25552 25555 25559 25564 25566 25567 25571
		25574 25577 25579 25581 25584 25586 25589 25592 25594 25597 25598 25601 25605 25607 25609 25610
		25614 25618 25619 25620 25622 25624 25637 25639 25642 25648 25651 25653 25661 25670 25671 25674
		25675 25676 25678 25679 25682 25684 25689 25692 25694 25695 25702 25711 25713 25717 25718 25719
		25723 25725 25727 25732 25738 25739 25740 25745 25746 25747 25748 25750 25755 25757 25762 25765
		25771 25776 25778 25782 25787 25790 25794 25795 25797 25798 25799 25801 25803 25812 25815 25818
		25822 25831 25838 25845 25846 25848 25849 25853 25858 25859 25861 25865 25875 25877 25878 25880
		25883 25884 25886 25887 25896 25900 25908 25915 25919 25922 25924 25925 25933 25935 25936 25938
		25940 25950 25953 25961 25968 25969 25973 25974 25978 25979 25983 25985 25987 25990 25995 25997
		26001 26003 26004 26005 26008 26016 26018 26019 26021 26022 26028 26034 26043 26047 26049 26054
		26055 26058 26061 26064 26068 26070 26076 26079 26089 26093 26102 26104 26106 26108 26113 26114
		26116 26118 26119 26120 26122 26124 26131 26139 26140 26142 26144 26145 26146 26147 26148 26149
		26153 26160 26161 26163 26165 26166 26169 26172 26173 26174 26176 26186 26187 26192 26193 26195
		26198 26200 26205 26207 26208 26213 26216 26217 26218 26220 26221 26231 26232 26234 26235 26242
		26247 26252 26256 26265 26267 26271 26278 26280 26283 26284 26288 26289 26291 26295 26296 26298
		26300 26306 26308 26312 26313 26315 26316 26318 26320 26324 26328 26334 26336 26338 26343 26350
		26353 26355 26359 26366 26367 26369 26374 26375 26383 26385 26390 26399 26400 26401 26407 26408
		26412 26418
	}
}

graphical_western = {
	graphical = yes
	color = { 0 0 255 }
# EETLV v2.1:
	provinces = {
		12116 12138 12139 12168 12203 12215 12240 12247 12255 12288 12299 12322 12326 12335 12360 12367
		12385 12402 12439 12455 12508 12513 12537 12557 12607 12617 12623 12634 12636 12656 12666 12668
		12674 12687 12698 12701 12708 12733 12748 12755 12763 12767 12808 12834 12844 12874 12894 12903
		12915 12935 12941 12946 12966 12984 13019 13051 13096 13125 13131 13144 13148 13154 13157 13175
		13244 13257 13283 13292 13324 13328 13362 13368 13371 13374 13399 13486 13501 13566 13573 13579
		13583 13595 13650 13654 13660 13672 13692 13699 13704 13707 13776 13795 13804 13839 13861 13872
		13985 14046 14091 14117 14127 14142 14149 14153 14191 14203 14230 14237 14251 14252 14254 14265
		14304 14325 14336 14359 14378 14437 14444 14453 14465 14491 14513 14516 14551 14558 14565 14586
		14596 14610 14634 14638 14674 14687 14701 14769 14807 14818 14825 14838 14951 14953 14954 14959
		14964 14989 15036 15049 15064 15074 15119 15125 15131 15150 15153 15161 15166 15206 15228 15284
		15292 15299 15306 15323 15332 15342 15346 15375 15382 15464 15470 15489 15497 15546 15563 15568
		15585 15588 15605 15613 15639 15643 15653 15674 15702 15709 15744 15770 15808 15831 15835 15865
		15877 15887 15893 15976 16001 16023 16103 16139 16148 16160 16167 16172 16174 16208 16279 16356
		16397 16428 16475 16483 16497 16505 16527 16541 16550 16627 16648 16662 16675 16688 16699 16708
		16735 16744 16750 16771 16796 16801 16832 16870 16892 16901 16908 16923 16964 16976 16991 17000
		17006 17010 17016 17032 17039 17059 17067 17072 17082 17086 17102 17118 17120 17123 17144 17183
		17209 17212 17229 17247 17251 17262 17278 17326 17352 17391 17472 17516 17545 17566 17568 17587
		17620 17658 17660 17666 17711 17731 17733 17746 17779 17793 17802 17819 17833 17837 17858 17859
		17896 17897 17905 17926 17927 17967 18010 18032 18052 18075 18077 18079 18109 18113 18115 18125
		18136 18153 18185 18188 18206 18208 18210 18247 18248 18256 18284 18306 18321 18374 18379 18382
		18419 18435 18464 18474 18502 18506 18520 18525 18554 18559 18581 18660 18676 18754 18758 18774
		18777 18840 18853 18865 18876 18890 18901 18928 18935 18963 19020 19024 19034 19041 19052 19054
		19138 19162 19194 19209 19218 19221 19231 19261 19263 19268 19275 19290 19305 19316 19320 19339
		19344 19347 19363 19366 19400 19435 19497 19520 19537 19596 19628 19654 19671 19700 19722 19753
		19755 19804 19815 19820 19854 19881 19893 19895 19898 19902 19911 19940 19944 19947 19960 19962
		19975 19977 20028 20036 20054 20064 20068 20095 20123 20139 20142 20145 20148 20153 20161 20176
		20210 20213 20221 20233 20255 20266 20273 20276 20279 20310 20324 20345 20370 20397 20399 20438
		20483 20484 20498 20513 20526 20531 20534 20570 20585 20595 20610 20632 20654 20694 20695 20713
		20715 20716 20750 20794 20823 20841 20842 20889 20906 20912 20916 20930 20957 20958 20961 20962
		20993 21002 21024 21028 21031 21038 21062 21095 21100 21124 21138 21151 21167 21184 21186 21230
		21237 21239 21247 21249 21266 21270 21282 21308 21313 21331 21334 21352 21371 21377 21402 21425
		21444 21451 21457 21482 21492 21505 21523 21574 21615 21677 21700 21707 21758 21770 21788 21795
		21835 21861 21869 21874 21877 21878 21894 21992 22000 22058 22093 22101 22167 22178 22248 22256
		22303 22344 22358 22379 22383 22396 22404 22407 22413 22416 22439 22501 22502 22509 22532 22550
		22559 22563 22593 22613 22616 22643 22646 22649 22655 22667 22717 22725 22740 22756 22761 22763
		22772 22793 22796 22803 22819 22821 22837 22842 22858 22883 22899 22910 22929 22934 23001 23010
		23046 23075 23076 23112 23127 23131 23146 23150 23207 23244 23252 23276 23302 23327 23352 23355
		23403 23409 23414 23416 23420 23431 23432 23465 23512 23521 23523 23524 23555 23584 23587 23588
		23593 23597 23642 23646 23678 23702 23745 23783 23790 23801 23814 23820 23830 23834 23854 23861
		23869 23878 23893 23906 23929 23932 23935 23937 23938 23967 23978 24031 24091 24099 24105 24111
		24193 24218 24294 24316 24332 24363 24369 24371 24398 24420 24455 24460 24484 24556 24566 24584
		24598 24610 24633 24647 24677 24698 24701 24757 24781 24794 24798 24804 24817 24843 24855 24856
		24879 24912 24920 24947 24972 25017 25050 25064 25065 25125 25132 25162 25163 25170 25203 25204
		25276 25281 25317 25325 25342 25346 25350 25475 25490 25496 25499 25547 25557 25580 25616 25627
		25636 25645 25649 25659 25665 25677 25686 25709 25715 25733 25768 25777 25786 25827 25836 25909
		25917 25921 25927 25932 25947 25948 25970 26020 26053 26081 26097 26132 26141 26152 26197 26204
		26223 26225 26258 26263 26266 26268 26273 26299 26326 26333 26339 26358 26368 26371 26386 26394
		26397 26403 26406 26421 26422 26423 26426 26427 26432 26435 26440 26449 26454 26455 26460 26461
		26464 26467 26469 26470 26471 26474 26477 26479 26484 26488 26490 26492 26496 26497 26499 26504
		26508 26510 26514 26515 26517 26526 26528 26529 26530 26532 26534 26535 26538 26551 26552 26555
		26557 26558 26559 26563 26567 26568 26573 26574 26576 26584 26585 26586 26588 26589 26594 26599
		26603 26607 26611 26617 26618 26619 26626 26627 26631 26634 26638 26643 26646 26647 26648 26653
		26657 26659 26661 26671 26673 26677 26680 26685 26687 26688 26689 26692 26694 26700 26702 26708
		26710 26711 26715 26717 26721 26722 26726 26729 26730 26731 26732 26739 26747 26751 26752 26756
		26757 26759 26760 26761 26764 26768 26770 26773 26774 26775 26776 26780 26786 26789 26790 26791
		26792 26793 26794 26797 26798 26801 26805 26806 26812 26815 26822 26823 26824 26825 26827 26832
		26834 26837 26840 26841 26842 26843 26844 26845 26846 26847 26848 26849 26854 26855 26857 26860
		26865 26866 26870 26874 26883 26884 26886 26888 26890 26892 26893 26894 26898 26902 26903 26905
		26906 26909 26912 26915 26920 26923 26929 26934 26936 26937 26942 26948 26949 26954 26958 26959
		26961 26965 26967 26968 26980 26981 26983 26986 26991 26994 26995 26997 27003 27006 27011 27013
		27014 27015 27018 27023 27036 27037 27039 27040 27045 27048 27050 27052 27055 27058 27059 27061
		27064 27069 27070 27076 27081 27082 27091 27095 27583 27585
	}
	regions = { # all of Westeros south of the Neck except Rhoynish Dorne
		world_westeros_the_neck
		world_westeros_the_north_mainland
		world_westeros_the_crownlands_crackclaw
		world_westeros_the_crownlands_valyrian_north_islands
		world_westeros_the_westerlands_north
		world_westeros_the_iron_islands
		world_westeros_moonclans
		world_westeros_the_riverlands_north
		world_westeros_the_vale
		world_essos_braavos
		world_essos_andalos
		world_essos_lorath
		world_essos_norvos
		world_essos_the_axe
		world_essos_qohor_north
	}
	duchies = {
		d_bear_island
	}
}
