object={
	name="Bridge_India"
	render_pass=Map
	clamp_to_water_level=no
	generated_content=no
	layer="AGOT_roads"
	pdxmesh="bridge_indian_mesh"
	count=8
	transform="1058.739014 2.116699 2090.095459 0.000000 0.537581 0.000000 0.843212 1.000000 1.000000 1.000000
1114.629150 2.438965 2146.721680 0.000000 -0.236715 0.000000 0.971579 1.092430 1.092430 1.092430
1680.460938 -0.128418 2015.515503 0.000000 -0.876735 0.000000 0.480974 1.000000 1.000000 1.000000
1787.966309 0.000000 2013.934448 0.000000 -0.286107 0.000000 0.958198 1.000000 1.000000 1.000000
1565.771729 0.000000 2386.998047 0.000000 -0.032160 0.000000 0.999483 0.724463 0.724463 0.724463
1497.347656 1.731445 2217.058105 0.000000 -0.265882 0.000000 0.964005 1.000000 1.000000 1.000000
1813.453125 0.876465 2038.878052 0.000000 0.566673 0.000000 0.823942 1.000000 1.000000 1.000000
2046.132690 0.000000 1977.037720 0.000000 0.252132 0.000000 0.967693 1.042126 1.042126 1.042126
"}
object={
	name="Gulltown_Houses"
	render_pass=Map
	clamp_to_water_level=no
	generated_content=no
	layer="AGOT_building_layer"
	pdxmesh="building_special_GT_Houses_mesh"
	count=1
	transform="2128.440186 0.000000 3480.953613 0.000000 -0.013122 0.000000 0.999914 0.328016 0.328016 0.328016
"}
object={
	name="Smoke"
	render_pass=Map
	clamp_to_water_level=no
	generated_content=no
	layer="AGOT_building_layer"
	entity="smoke_chimney"
	count=57
	transform="3774.799316 -30.455322 1453.063721 0.000000 0.000000 0.000000 1.000000 27.332571 27.332571 27.332571
4018.099609 0.000000 1129.309082 0.000000 0.000000 0.000000 1.000000 1.000000 1.000000 1.000000
3929.321533 -53.050171 1325.639038 0.000000 0.000000 0.000000 1.000000 46.203533 46.203533 46.203533
3988.864990 -46.495972 1289.539917 0.000000 0.000000 0.000000 1.000000 41.330990 41.330990 41.330990
4222.095703 -81.693604 1378.891602 0.000000 0.000000 0.000000 1.000000 77.479187 77.479187 77.479187
3965.328857 -34.050903 1467.542847 0.000000 0.000000 0.000000 1.000000 30.582703 30.582703 30.582703
763.018188 -0.376709 3060.012695 0.000000 0.000000 0.000000 1.000000 1.283276 1.283276 1.283276
767.237061 -0.545654 3053.489258 0.000000 0.000000 0.000000 1.000000 1.283276 1.283276 1.283276
764.604553 -0.422607 3047.456055 0.000000 0.000000 0.000000 1.000000 1.283276 1.283276 1.283276
776.390442 -0.502197 3043.023926 0.000000 0.000000 0.000000 1.000000 1.283276 1.283276 1.283276
770.839233 -0.589600 3047.323730 0.000000 0.000000 0.000000 1.000000 1.283276 1.283276 1.283276
772.024780 -0.063965 3051.735352 0.000000 0.000000 0.000000 1.000000 1.283276 1.283276 1.283276
777.106201 -0.410889 3053.932373 0.000000 0.000000 0.000000 1.000000 1.283276 1.283276 1.283276
781.305298 -0.086914 3053.578857 0.000000 0.000000 0.000000 1.000000 1.283276 1.283276 1.283276
783.860535 -0.526123 3054.183594 0.000000 0.000000 0.000000 1.000000 1.283276 1.283276 1.283276
785.463684 -0.152100 3056.233398 0.000000 0.000000 0.000000 1.000000 1.283276 1.283276 1.283276
794.870789 1.933105 3063.680176 0.000000 0.000000 0.000000 1.000000 1.283276 1.283276 1.283276
799.111633 1.308838 3071.630371 0.000000 0.000000 0.000000 1.000000 1.283276 1.283276 1.283276
798.021057 -0.397949 3074.139160 0.000000 0.000000 0.000000 1.000000 1.283276 1.283276 1.283276
799.594604 0.886475 3079.203857 0.000000 0.000000 0.000000 1.000000 1.283276 1.283276 1.283276
787.809570 -0.030273 3067.201172 0.000000 0.000000 0.000000 1.000000 1.283276 1.283276 1.283276
780.787231 -0.237305 3071.984375 0.000000 0.000000 0.000000 1.000000 1.283276 1.283276 1.283276
782.800598 -0.425049 3072.207031 0.000000 0.000000 0.000000 1.000000 1.283276 1.283276 1.283276
776.617004 -0.425049 3062.384766 0.000000 0.000000 0.000000 1.000000 1.283276 1.283276 1.283276
767.111267 1.124512 3064.144043 0.000000 0.000000 0.000000 1.000000 1.283276 1.283276 1.283276
765.849915 -0.140869 3069.577393 0.000000 0.000000 0.000000 1.000000 1.283276 1.283276 1.283276
771.468201 -0.322510 3077.563232 0.000000 0.000000 0.000000 1.000000 1.283276 1.283276 1.283276
771.339233 0.177734 3079.665039 0.000000 0.000000 0.000000 1.000000 1.283276 1.283276 1.283276
772.848694 -0.280029 3085.926270 0.000000 0.000000 0.000000 1.000000 1.283276 1.283276 1.283276
777.277100 -0.166260 3087.746582 0.000000 0.000000 0.000000 1.000000 1.283276 1.283276 1.283276
775.713318 -0.412842 3089.099854 0.000000 0.000000 0.000000 1.000000 1.283276 1.283276 1.283276
776.975891 0.051758 3092.172607 0.000000 0.000000 0.000000 1.000000 1.283276 1.283276 1.283276
778.130920 -0.659424 3094.241943 0.000000 0.000000 0.000000 1.000000 1.283276 1.283276 1.283276
786.278625 0.174805 3103.956299 0.000000 0.000000 0.000000 1.000000 1.283276 1.283276 1.283276
791.058044 1.230957 3099.958252 0.000000 0.000000 0.000000 1.000000 1.283276 1.283276 1.283276
790.166992 0.270508 3099.140381 0.000000 0.000000 0.000000 1.000000 1.283276 1.283276 1.283276
788.976196 -0.019287 3093.782227 0.000000 0.000000 0.000000 1.000000 1.283276 1.283276 1.283276
797.465454 1.237061 3089.637207 0.000000 0.000000 0.000000 1.000000 1.283276 1.283276 1.283276
794.006714 -0.140869 3090.222900 0.000000 0.000000 0.000000 1.000000 1.283276 1.283276 1.283276
791.045044 -0.452148 3091.596191 0.000000 0.000000 0.000000 1.000000 1.283276 1.283276 1.283276
793.200867 1.701904 3096.523438 0.000000 0.000000 0.000000 1.000000 1.283276 1.283276 1.283276
795.562988 0.174805 3094.163330 0.000000 0.000000 0.000000 1.000000 1.283276 1.283276 1.283276
1965.324341 0.763916 2638.405762 0.000000 0.914889 0.000000 -0.403704 1.691016 1.691016 1.691016
1967.007324 1.746826 2640.415039 0.000000 0.914889 0.000000 -0.403704 1.000000 1.000000 1.000000
1972.554321 0.874512 2646.099365 0.000000 0.882386 0.000000 -0.470527 1.000000 1.000000 1.000000
1970.406372 0.546143 2646.160889 0.000000 0.882386 0.000000 -0.470527 1.000000 1.000000 1.000000
1962.904053 1.599121 2640.649902 0.000000 0.882386 0.000000 -0.470527 1.000000 1.000000 1.000000
1968.642578 3.720459 2634.346191 0.000000 0.882386 0.000000 -0.470527 1.000000 1.000000 1.000000
1971.671753 6.238770 2636.527344 0.000000 0.802403 0.000000 -0.596782 1.000000 1.000000 1.000000
1968.641724 6.043701 2634.217041 0.000000 0.869425 0.000000 -0.494065 1.000000 1.000000 1.000000
791.022949 1.250732 2225.781250 0.000000 0.582209 0.000000 -0.813039 0.963529 0.963529 0.963529
792.029419 1.250732 2225.119385 0.000000 0.582209 0.000000 -0.813039 0.963529 0.963529 0.963529
791.987000 1.250732 2223.914307 0.000000 0.582209 0.000000 -0.813039 0.963529 0.963529 0.963529
790.949951 1.250732 2223.360107 0.000000 0.582209 0.000000 -0.813039 0.963529 0.963529 0.963529
790.007324 1.250732 2224.009033 0.000000 0.582209 0.000000 -0.813039 0.963529 0.963529 0.963529
790.019958 1.250732 2225.244385 0.000000 0.582209 0.000000 -0.813039 0.963529 0.963529 0.963529
790.972412 0.906250 2224.494141 0.000000 0.582209 0.000000 -0.813039 1.691357 1.691357 1.691357
"}
object={
	name="Vinyard 4"
	render_pass=Map
	clamp_to_water_level=no
	generated_content=no
	layer="tree_high_layer"
	entity="tree_acacia_05_entity"
	count=99
	transform="3598.293701 0.000000 5462.549805 0.000000 0.656654 0.000000 0.754192 0.564197 0.564197 0.564197
3597.422852 0.000000 5463.367188 0.000000 -0.479991 0.000000 0.877273 0.564197 0.564197 0.564197
3598.860352 0.000000 5463.326172 0.000000 0.725656 0.000000 -0.688058 0.564197 0.564197 0.564197
3597.989502 0.000000 5464.142578 0.000000 -0.939456 0.000000 -0.342669 0.564197 0.564197 0.564197
3594.070068 0.000000 5465.789551 0.000000 -0.265690 0.000000 -0.964058 0.564197 0.564197 0.564197
3593.199219 0.000000 5466.606445 0.000000 -0.414010 0.000000 0.910272 0.564197 0.564197 0.564197
3594.697998 0.000000 5466.727539 0.000000 -0.875881 0.000000 0.482527 0.564197 0.564197 0.564197
3593.827148 0.000000 5467.543945 0.000000 -0.701465 0.000000 -0.712704 0.564197 0.564197 0.564197
3599.558594 0.000000 5464.168945 0.000000 0.839769 0.000000 0.542944 0.564197 0.564197 0.564197
3598.687744 0.000000 5464.985352 0.000000 -0.594882 0.000000 0.803813 0.564197 0.564197 0.564197
3600.125488 0.000000 5464.944336 0.000000 0.725558 0.000000 -0.688161 0.564197 0.564197 0.564197
3599.254639 0.000000 5465.761719 0.000000 -0.948305 0.000000 -0.317362 0.564197 0.564197 0.564197
3595.334961 0.000000 5467.408203 0.000000 -0.238196 0.000000 -0.971217 0.564197 0.564197 0.564197
3594.464111 0.000000 5468.225586 0.000000 0.986323 0.000000 -0.164824 0.564197 0.564197 0.564197
3595.963135 0.000000 5468.345703 0.000000 0.086798 -0.000000 -0.996226 0.564197 0.564197 0.564197
3600.869629 0.000000 5465.794434 0.000000 0.488167 0.000000 0.872750 0.564197 0.564197 0.564197
3599.998779 0.000000 5466.611328 0.000000 -0.716687 0.000000 0.697394 0.564197 0.564197 0.564197
3608.969482 0.000000 5458.566406 0.000000 0.656654 0.000000 0.754192 0.564197 0.564197 0.564197
3608.098389 0.000000 5459.383789 0.000000 -0.479991 0.000000 0.877273 0.564197 0.564197 0.564197
3602.497803 0.000000 5465.812500 0.000000 0.725656 0.000000 -0.688058 0.564197 0.564197 0.564197
3601.626709 0.000000 5466.629883 0.000000 -0.939456 0.000000 -0.342669 0.564197 0.564197 0.564197
3609.535889 0.000000 5459.342773 0.000000 0.725656 0.000000 -0.688058 0.564197 0.564197 0.564197
3608.665283 0.000000 5460.159180 0.000000 -0.939456 0.000000 -0.342669 0.564197 0.564197 0.564197
3604.745850 0.000000 5461.806152 0.000000 -0.265690 0.000000 -0.964058 0.564197 0.564197 0.564197
3603.874756 0.000000 5462.623047 0.000000 -0.414010 0.000000 0.910272 0.564197 0.564197 0.564197
3605.373779 0.000000 5462.744141 0.000000 -0.875881 0.000000 0.482527 0.564197 0.564197 0.564197
3604.502686 0.000000 5463.560547 0.000000 -0.701465 0.000000 -0.712704 0.564197 0.564197 0.564197
3610.234131 0.000000 5460.185547 0.000000 0.839769 0.000000 0.542944 0.564197 0.564197 0.564197
3609.363525 0.000000 5461.001953 0.000000 -0.594882 0.000000 0.803813 0.564197 0.564197 0.564197
3610.801025 0.000000 5460.960938 0.000000 0.725558 0.000000 -0.688161 0.564197 0.564197 0.564197
3609.930420 0.000000 5461.778320 0.000000 -0.948305 0.000000 -0.317362 0.564197 0.564197 0.564197
3606.010498 0.000000 5463.424805 0.000000 -0.238196 0.000000 -0.971217 0.564197 0.564197 0.564197
3605.139893 0.000000 5464.242188 0.000000 0.986323 0.000000 -0.164824 0.564197 0.564197 0.564197
3606.638916 0.000000 5464.362305 0.000000 0.086798 -0.000000 -0.996226 0.564197 0.564197 0.564197
3605.767822 0.000000 5465.179688 0.000000 -0.444115 0.000000 -0.895970 0.564197 0.564197 0.564197
3612.111572 0.000000 5462.771973 0.000000 -0.306767 0.000000 0.951784 0.564197 0.564197 0.564197
3611.240967 0.000000 5463.588867 0.000000 0.703170 0.000000 0.711021 0.564197 0.564197 0.564197
3611.545166 0.000000 5461.811035 0.000000 0.488167 0.000000 0.872750 0.564197 0.564197 0.564197
3610.674561 0.000000 5462.627930 0.000000 -0.716687 0.000000 0.697394 0.564197 0.564197 0.564197
3607.321533 0.000000 5465.050781 0.000000 0.728937 0.000000 -0.684581 0.564197 0.564197 0.564197
3606.450928 0.000000 5465.868164 0.000000 0.981089 0.000000 -0.193557 0.564197 0.564197 0.564197
3570.147705 0.000000 5474.611328 0.000000 0.656654 0.000000 0.754192 0.564197 0.564197 0.564197
3569.276611 0.000000 5475.428711 0.000000 -0.479991 0.000000 0.877273 0.564197 0.564197 0.564197
3565.924072 0.000000 5477.851562 0.000000 -0.265690 0.000000 -0.964058 0.564197 0.564197 0.564197
3565.052979 0.000000 5478.668945 0.000000 -0.414010 0.000000 0.910272 0.564197 0.564197 0.564197
3590.096436 0.000000 5464.926758 0.000000 -0.923918 0.000000 0.382591 0.564197 0.564197 0.564197
3591.941650 0.000000 5464.721680 0.000000 0.345578 0.000000 0.938390 0.564197 0.564197 0.564197
3593.440674 0.000000 5464.842285 0.000000 -0.274161 0.000000 -0.961684 0.564197 0.564197 0.564197
3592.569824 0.000000 5465.659180 0.000000 0.400232 -0.000000 -0.916414 0.564197 0.564197 0.564197
3566.311768 0.000000 5469.707031 0.000000 0.823466 0.000000 -0.567366 0.564197 0.564197 0.564197
3565.440918 0.000000 5470.524414 0.000000 -0.231159 0.000000 0.972916 0.564197 0.564197 0.564197
3566.878662 0.000000 5470.483398 0.000000 -0.120836 0.000000 0.992673 0.564197 0.564197 0.564197
3566.007568 0.000000 5471.300781 0.000000 0.102971 0.000000 -0.994684 0.564197 0.564197 0.564197
3562.088135 0.000000 5472.947266 0.000000 0.938849 -0.000000 -0.344329 0.564197 0.564197 0.564197
3561.217285 0.000000 5473.763672 0.000000 0.826524 0.000000 0.562902 0.564197 0.564197 0.564197
3562.716064 0.000000 5473.884766 0.000000 0.155078 -0.000000 -0.987902 0.564197 0.564197 0.564197
3561.845459 0.000000 5474.702148 0.000000 0.971637 0.000000 0.236478 0.564197 0.564197 0.564197
3567.576904 0.000000 5471.326172 0.000000 -0.423330 0.000000 0.905976 0.564197 0.564197 0.564197
3566.705811 0.000000 5472.143555 0.000000 -0.449105 0.000000 0.893479 0.564197 0.564197 0.564197
3568.143555 0.000000 5472.102539 0.000000 -0.569617 -0.000000 -0.821910 0.564197 0.564197 0.564197
3567.272705 0.000000 5472.918945 -0.000000 -0.259566 0.000000 0.965725 0.564197 0.564197 0.564197
3563.353271 0.000000 5474.565430 0.000000 0.999992 0.000000 -0.003852 0.564197 0.564197 0.564197
3562.482178 0.000000 5475.382812 0.000000 0.649107 0.000000 0.760697 0.564197 0.564197 0.564197
3563.981201 0.000000 5475.503906 0.000000 -0.947816 0.000000 0.318818 0.564197 0.564197 0.564197
3563.110352 0.000000 5476.320312 0.000000 0.524190 0.000000 -0.851601 0.564197 0.564197 0.564197
3568.887939 0.000000 5472.952148 0.000000 0.309196 0.000000 -0.950998 0.564197 0.564197 0.564197
3568.016846 0.000000 5473.768555 0.000000 0.822848 0.000000 -0.568261 0.564197 0.564197 0.564197
3569.454590 0.000000 5473.728516 0.000000 -0.790337 0.000000 -0.612672 0.564197 0.564197 0.564197
3568.583740 0.000000 5474.544922 0.000000 0.365446 0.000000 -0.930833 0.564197 0.564197 0.564197
3564.664307 0.000000 5476.191406 0.000000 -0.488867 0.000000 0.872358 0.564197 0.564197 0.564197
3563.793213 0.000000 5477.008789 0.000000 0.345578 0.000000 0.938390 0.564197 0.564197 0.564197
3565.292236 0.000000 5477.129883 0.000000 -0.274161 0.000000 -0.961684 0.564197 0.564197 0.564197
3564.421387 0.000000 5477.946289 0.000000 0.400232 -0.000000 -0.916414 0.564197 0.564197 0.564197
3602.617432 0.000000 5460.738281 0.000000 0.345578 0.000000 0.938390 0.564197 0.564197 0.564197
3604.116455 0.000000 5460.858887 0.000000 -0.274161 0.000000 -0.961684 0.564197 0.564197 0.564197
3603.245361 0.000000 5461.675781 0.000000 0.400232 -0.000000 -0.916414 0.564197 0.564197 0.564197
3575.369873 0.000000 5462.494141 0.000000 -0.220082 0.000000 0.975481 0.564197 0.564197 0.564197
3574.499268 0.000000 5463.310547 0.000000 -0.478238 0.000000 0.878230 0.564197 0.564197 0.564197
3575.936768 0.000000 5463.269531 0.000000 -0.096256 0.000000 0.995357 0.564197 0.564197 0.564197
3575.065674 0.000000 5464.086914 -0.000000 -0.449670 0.000000 0.893195 0.564197 0.564197 0.564197
3571.146240 0.000000 5465.733398 0.000000 -0.959484 0.000000 0.281763 0.564197 0.564197 0.564197
3570.275635 0.000000 5466.550781 0.000000 0.825056 0.000000 0.565050 0.564197 0.564197 0.564197
3571.774170 0.000000 5466.670898 0.000000 -0.991123 0.000000 0.132945 0.564197 0.564197 0.564197
3570.903564 0.000000 5467.488281 0.000000 -0.954070 0.000000 0.299583 0.564197 0.564197 0.564197
3576.635010 0.000000 5464.112305 0.000000 0.947898 0.000000 -0.318574 0.564197 0.564197 0.564197
3575.763916 0.000000 5464.929688 0.000000 0.574652 0.000000 0.818398 0.564197 0.564197 0.564197
3577.201904 0.000000 5464.888672 0.000000 -0.475450 0.000000 0.879743 0.564197 0.564197 0.564197
3576.330811 0.000000 5465.706055 0.000000 -0.713645 0.000000 -0.700508 0.564197 0.564197 0.564197
3571.540283 0.000000 5468.168945 0.000000 0.322004 0.000000 0.946738 0.564197 0.564197 0.564197
3573.039307 0.000000 5468.290039 0.000000 -0.603377 0.000000 0.797456 0.564197 0.564197 0.564197
3572.168701 0.000000 5469.107422 0.000000 0.287280 0.000000 0.957847 0.564197 0.564197 0.564197
3577.946045 0.000000 5465.738281 0.000000 0.334000 0.000000 -0.942573 0.564197 0.564197 0.564197
3577.074951 0.000000 5466.555664 0.000000 0.003328 0.000000 0.999994 0.564197 0.564197 0.564197
3578.512939 0.000000 5466.514648 0.000000 -0.413199 0.000000 -0.910641 0.564197 0.564197 0.564197
3577.641846 0.000000 5467.331055 0.000000 0.765342 0.000000 -0.643624 0.564197 0.564197 0.564197
3573.722412 0.000000 5468.978516 0.000000 0.997455 0.000000 0.071292 0.564197 0.564197 0.564197
3572.851318 0.000000 5469.794922 0.000000 -0.396283 -0.000000 -0.918128 0.564197 0.564197 0.564197
3574.350342 0.000000 5469.916016 0.000000 -0.701172 0.000000 -0.712992 0.564197 0.564197 0.564197
3573.479736 0.000000 5470.732422 0.000000 -0.831211 0.000000 0.555957 0.564197 0.564197 0.564197
"}
