object={
	name="Lys"
	render_pass=MapUnderWater
	clamp_to_water_level=no
	generated_content=no
	layer="AGOT_building_layer"
	pdxmesh="lys_mesh"
	count=1
	transform="2612.057617 -2.754761 1950.789062 0.000000 0.000000 0.000000 1.000000 0.848647 0.848647 0.848647
"}
object={
	name="Vinyard 3"
	render_pass=Map
	clamp_to_water_level=no
	generated_content=no
	layer="tree_high_layer"
	entity="tree_acacia_03_entity"
	count=100
	transform="3599.292725 0.000000 5461.799805 0.000000 0.764215 0.000000 0.644962 0.873259 0.873259 0.873259
3596.278320 0.000000 5464.313477 0.000000 0.649185 0.000000 -0.760630 0.873259 0.873259 0.873259
3599.859375 0.000000 5462.575684 0.000000 0.811132 0.000000 0.584863 0.873259 0.873259 0.873259
3596.845215 0.000000 5465.089844 0.000000 0.947964 0.000000 -0.318377 0.873259 0.873259 0.873259
3595.069092 0.000000 5465.039062 0.000000 0.462365 0.000000 0.886690 0.873259 0.873259 0.873259
3592.054688 0.000000 5467.553223 0.000000 -0.524395 0.000000 -0.851475 0.873259 0.873259 0.873259
3595.697021 0.000000 5465.977051 0.000000 0.189857 0.000000 -0.981812 0.873259 0.873259 0.873259
3592.682861 0.000000 5468.491211 0.000000 0.977070 0.000000 -0.212919 0.873259 0.873259 0.873259
3600.557617 0.000000 5463.417969 0.000000 -0.969350 0.000000 0.245686 0.873259 0.873259 0.873259
3597.543457 0.000000 5465.932617 0.000000 0.916589 0.000000 0.399831 0.873259 0.873259 0.873259
3601.124512 0.000000 5464.194336 0.000000 -0.404964 0.000000 0.914333 0.873259 0.873259 0.873259
3598.110107 0.000000 5466.708008 0.000000 0.995952 0.000000 -0.089883 0.873259 0.873259 0.873259
3596.333984 0.000000 5466.658203 0.000000 -0.787992 0.000000 -0.615686 0.873259 0.873259 0.873259
3596.962158 0.000000 5467.595703 0.000000 -0.603680 0.000000 -0.797226 0.873259 0.873259 0.873259
3601.868652 0.000000 5465.043945 0.000000 -0.188294 0.000000 0.982113 0.873259 0.873259 0.873259
3598.854492 0.000000 5467.558105 0.000000 0.372314 0.000000 -0.928107 0.873259 0.873259 0.873259
3597.645020 0.000000 5468.284180 -0.000000 -0.395663 0.000000 0.918396 0.873259 0.873259 0.873259
3609.968506 0.000000 5457.816406 0.000000 0.764215 0.000000 0.644962 0.873259 0.873259 0.873259
3606.953857 0.000000 5460.330078 0.000000 0.649185 0.000000 -0.760630 0.873259 0.873259 0.873259
3610.534912 0.000000 5458.592285 0.000000 0.811132 0.000000 0.584863 0.873259 0.873259 0.873259
3600.482666 0.000000 5467.576172 0.000000 0.947964 0.000000 -0.318377 0.873259 0.873259 0.873259
3607.520752 0.000000 5461.106445 0.000000 0.947964 0.000000 -0.318377 0.873259 0.873259 0.873259
3605.744873 0.000000 5461.055664 0.000000 0.462365 0.000000 0.886690 0.873259 0.873259 0.873259
3602.730225 0.000000 5463.569824 0.000000 -0.524395 0.000000 -0.851475 0.873259 0.873259 0.873259
3606.372803 0.000000 5461.993652 0.000000 0.189857 0.000000 -0.981812 0.873259 0.873259 0.873259
3603.358643 0.000000 5464.507812 0.000000 0.977070 0.000000 -0.212919 0.873259 0.873259 0.873259
3611.233154 0.000000 5459.434570 0.000000 -0.969350 0.000000 0.245686 0.873259 0.873259 0.873259
3608.218994 0.000000 5461.949219 0.000000 0.916589 0.000000 0.399831 0.873259 0.873259 0.873259
3611.800049 0.000000 5460.210938 0.000000 -0.404964 0.000000 0.914333 0.873259 0.873259 0.873259
3608.785889 0.000000 5462.724609 0.000000 0.995952 0.000000 -0.089883 0.873259 0.873259 0.873259
3607.009521 0.000000 5462.674805 0.000000 -0.787992 0.000000 -0.615686 0.873259 0.873259 0.873259
3603.995361 0.000000 5465.188477 0.000000 0.949660 0.000000 0.313282 0.873259 0.873259 0.873259
3607.637939 0.000000 5463.612305 0.000000 -0.603680 0.000000 -0.797226 0.873259 0.873259 0.873259
3604.623291 0.000000 5466.125977 0.000000 -0.634093 0.000000 0.773257 0.873259 0.873259 0.873259
3613.110596 0.000000 5462.021484 0.000000 -0.513000 0.000000 0.858389 0.873259 0.873259 0.873259
3610.096436 0.000000 5464.535645 0.000000 -0.419026 0.000000 0.907975 0.873259 0.873259 0.873259
3612.544189 0.000000 5461.060547 0.000000 -0.188294 0.000000 0.982113 0.873259 0.873259 0.873259
3609.530029 0.000000 5463.574707 0.000000 0.372314 0.000000 -0.928107 0.873259 0.873259 0.873259
3608.320557 0.000000 5464.300781 -0.000000 -0.395663 0.000000 0.918396 0.873259 0.873259 0.873259
3571.146729 0.000000 5473.861328 0.000000 0.764215 0.000000 0.644962 0.873259 0.873259 0.873259
3568.132080 0.000000 5476.375000 0.000000 0.649185 0.000000 -0.760630 0.873259 0.873259 0.873259
3566.923096 0.000000 5477.101562 0.000000 0.462365 0.000000 0.886690 0.873259 0.873259 0.873259
3563.908447 0.000000 5479.615234 0.000000 -0.524395 0.000000 -0.851475 0.873259 0.873259 0.873259
3591.201904 0.000000 5463.855469 0.000000 -0.980409 0.000000 -0.196973 0.873259 0.873259 0.873259
3595.587646 0.000000 5463.204590 0.000000 -0.198726 0.000000 -0.980055 0.873259 0.873259 0.873259
3590.797363 0.000000 5465.667969 0.000000 -0.235773 0.000000 0.971808 0.873259 0.873259 0.873259
3594.439697 0.000000 5464.091797 0.000000 0.929441 0.000000 -0.368971 0.873259 0.873259 0.873259
3591.425537 0.000000 5466.605957 0.000000 0.414315 0.000000 -0.910134 0.873259 0.873259 0.873259
3567.310791 0.000000 5468.957031 0.000000 -0.622502 0.000000 -0.782618 0.873259 0.873259 0.873259
3564.296631 0.000000 5471.470703 0.000000 0.089665 0.000000 -0.995972 0.873259 0.873259 0.873259
3567.877686 0.000000 5469.733398 0.000000 0.969409 0.000000 0.245453 0.873259 0.873259 0.873259
3564.863281 0.000000 5472.247070 -0.000000 0.642887 0.000000 0.765961 0.873259 0.873259 0.873259
3563.087158 0.000000 5472.197266 0.000000 0.993140 0.000000 -0.116930 0.873259 0.873259 0.873259
3560.072998 0.000000 5474.710938 0.000000 -0.008845 0.000000 -0.999961 0.873259 0.873259 0.873259
3563.715088 0.000000 5473.134766 0.000000 0.822650 0.000000 -0.568548 0.873259 0.873259 0.873259
3560.700928 0.000000 5475.648438 0.000000 0.024319 0.000000 -0.999704 0.873259 0.873259 0.873259
3568.575928 0.000000 5470.576172 -0.000000 -0.755358 0.000000 0.655312 0.873259 0.873259 0.873259
3565.561523 0.000000 5473.089844 0.000000 -0.476080 0.000000 -0.879402 0.873259 0.873259 0.873259
3569.142578 0.000000 5471.351562 0.000000 -0.702326 0.000000 0.711855 0.873259 0.873259 0.873259
3566.128174 0.000000 5473.866211 0.000000 0.720042 -0.000000 -0.693931 0.873259 0.873259 0.873259
3564.352295 0.000000 5473.815430 0.000000 0.776631 0.000000 -0.629956 0.873259 0.873259 0.873259
3561.337891 0.000000 5476.329102 0.000000 -0.946977 0.000000 0.321300 0.873259 0.873259 0.873259
3564.980225 0.000000 5474.752930 0.000000 -0.427138 0.000000 -0.904186 0.873259 0.873259 0.873259
3561.966064 0.000000 5477.267578 0.000000 -0.940712 0.000000 0.339206 0.873259 0.873259 0.873259
3569.886963 0.000000 5472.202148 0.000000 0.506352 0.000000 -0.862327 0.873259 0.873259 0.873259
3566.872559 0.000000 5474.715820 0.000000 0.607962 0.000000 -0.793966 0.873259 0.873259 0.873259
3570.453613 0.000000 5472.977539 0.000000 -0.432552 0.000000 0.901609 0.873259 0.873259 0.873259
3567.439209 0.000000 5475.492188 0.000000 -0.198726 0.000000 -0.980055 0.873259 0.873259 0.873259
3565.663330 0.000000 5475.441406 0.000000 -0.221635 0.000000 -0.975130 0.873259 0.873259 0.873259
3562.648926 0.000000 5477.955078 0.000000 -0.235773 0.000000 0.971808 0.873259 0.873259 0.873259
3566.291260 0.000000 5476.378906 0.000000 0.929441 0.000000 -0.368971 0.873259 0.873259 0.873259
3563.277100 0.000000 5478.893555 0.000000 0.414315 0.000000 -0.910134 0.873259 0.873259 0.873259
3606.263428 0.000000 5459.221191 0.000000 -0.198726 0.000000 -0.980055 0.873259 0.873259 0.873259
3601.472900 0.000000 5461.684570 0.000000 -0.235773 0.000000 0.971808 0.873259 0.873259 0.873259
3605.115479 0.000000 5460.108398 0.000000 0.929441 0.000000 -0.368971 0.873259 0.873259 0.873259
3602.101074 0.000000 5462.622559 0.000000 0.414315 0.000000 -0.910134 0.873259 0.873259 0.873259
3576.368896 0.000000 5461.743164 0.000000 0.695580 0.000000 -0.718449 0.873259 0.873259 0.873259
3573.354736 0.000000 5464.257812 0.000000 -0.557103 0.000000 -0.830444 0.873259 0.873259 0.873259
3576.935791 0.000000 5462.519531 0.000000 0.685381 0.000000 0.728185 0.873259 0.873259 0.873259
3573.921631 0.000000 5465.033203 0.000000 -0.984837 0.000000 -0.173482 0.873259 0.873259 0.873259
3572.145264 0.000000 5464.983398 0.000000 0.934519 0.000000 0.355914 0.873259 0.873259 0.873259
3569.131104 0.000000 5467.497070 0.000000 -0.312598 0.000000 -0.949885 0.873259 0.873259 0.873259
3572.773193 0.000000 5465.920898 0.000000 0.397164 0.000000 -0.917748 0.873259 0.873259 0.873259
3569.759033 0.000000 5468.434570 0.000000 0.918254 0.000000 -0.395991 0.873259 0.873259 0.873259
3577.634033 0.000000 5463.362305 0.000000 -0.412193 0.000000 -0.911097 0.873259 0.873259 0.873259
3574.619873 0.000000 5465.875977 0.000000 -0.973161 0.000000 -0.230126 0.873259 0.873259 0.873259
3578.200928 0.000000 5464.138672 -0.000000 0.409412 0.000000 0.912350 0.873259 0.873259 0.873259
3575.186279 0.000000 5466.652344 0.000000 -0.827029 0.000000 0.562160 0.873259 0.873259 0.873259
3573.410400 0.000000 5466.601562 0.000000 -0.734894 0.000000 0.678182 0.873259 0.873259 0.873259
3570.396240 0.000000 5469.116211 0.000000 0.344304 0.000000 0.938858 0.873259 0.873259 0.873259
3574.038330 0.000000 5467.540039 0.000000 0.871337 0.000000 -0.490686 0.873259 0.873259 0.873259
3571.024170 0.000000 5470.053711 0.000000 0.884427 0.000000 -0.466680 0.873259 0.873259 0.873259
3578.945068 0.000000 5464.988281 0.000000 -0.201397 0.000000 0.979510 0.873259 0.873259 0.873259
3575.930908 0.000000 5467.501953 0.000000 0.462462 0.000000 -0.886639 0.873259 0.873259 0.873259
3579.511963 0.000000 5465.764648 0.000000 -0.281539 0.000000 0.959550 0.873259 0.873259 0.873259
3576.497314 0.000000 5468.278320 0.000000 0.938603 0.000000 0.345000 0.873259 0.873259 0.873259
3574.721436 0.000000 5468.227539 0.000000 0.894500 0.000000 0.447068 0.873259 0.873259 0.873259
3571.707275 0.000000 5470.742188 0.000000 0.012947 0.000000 0.999916 0.873259 0.873259 0.873259
3575.349365 0.000000 5469.166016 0.000000 0.897648 0.000000 -0.440713 0.873259 0.873259 0.873259
3572.335205 0.000000 5471.679688 0.000000 0.007186 0.000000 0.999974 0.873259 0.873259 0.873259
"}
